RegionID,SizeRank,RegionName,RegionType,StateName,2000-01-31,2000-02-29,2000-03-31,2000-04-30,2000-05-31,2000-06-30,2000-07-31,2000-08-31,2000-09-30,2000-10-31,2000-11-30,2000-12-31,2001-01-31,2001-02-28,2001-03-31,2001-04-30,2001-05-31,2001-06-30,2001-07-31,2001-08-31,2001-09-30,2001-10-31,2001-11-30,2001-12-31,2002-01-31,2002-02-28,2002-03-31,2002-04-30,2002-05-31,2002-06-30,2002-07-31,2002-08-31,2002-09-30,2002-10-31,2002-11-30,2002-12-31,2003-01-31,2003-02-28,2003-03-31,2003-04-30,2003-05-31,2003-06-30,2003-07-31,2003-08-31,2003-09-30,2003-10-31,2003-11-30,2003-12-31,2004-01-31,2004-02-29,2004-03-31,2004-04-30,2004-05-31,2004-06-30,2004-07-31,2004-08-31,2004-09-30,2004-10-31,2004-11-30,2004-12-31,2005-01-31,2005-02-28,2005-03-31,2005-04-30,2005-05-31,2005-06-30,2005-07-31,2005-08-31,2005-09-30,2005-10-31,2005-11-30,2005-12-31,2006-01-31,2006-02-28,2006-03-31,2006-04-30,2006-05-31,2006-06-30,2006-07-31,2006-08-31,2006-09-30,2006-10-31,2006-11-30,2006-12-31,2007-01-31,2007-02-28,2007-03-31,2007-04-30,2007-05-31,2007-06-30,2007-07-31,2007-08-31,2007-09-30,2007-10-31,2007-11-30,2007-12-31,2008-01-31,2008-02-29,2008-03-31,2008-04-30,2008-05-31,2008-06-30,2008-07-31,2008-08-31,2008-09-30,2008-10-31,2008-11-30,2008-12-31,2009-01-31,2009-02-28,2009-03-31,2009-04-30,2009-05-31,2009-06-30,2009-07-31,2009-08-31,2009-09-30,2009-10-31,2009-11-30,2009-12-31,2010-01-31,2010-02-28,2010-03-31,2010-04-30,2010-05-31,2010-06-30,2010-07-31,2010-08-31,2010-09-30,2010-10-31,2010-11-30,2010-12-31,2011-01-31,2011-02-28,2011-03-31,2011-04-30,2011-05-31,2011-06-30,2011-07-31,2011-08-31,2011-09-30,2011-10-31,2011-11-30,2011-12-31,2012-01-31,2012-02-29,2012-03-31,2012-04-30,2012-05-31,2012-06-30,2012-07-31,2012-08-31,2012-09-30,2012-10-31,2012-11-30,2012-12-31,2013-01-31,2013-02-28,2013-03-31,2013-04-30,2013-05-31,2013-06-30,2013-07-31,2013-08-31,2013-09-30,2013-10-31,2013-11-30,2013-12-31,2014-01-31,2014-02-28,2014-03-31,2014-04-30,2014-05-31,2014-06-30,2014-07-31,2014-08-31,2014-09-30,2014-10-31,2014-11-30,2014-12-31,2015-01-31,2015-02-28,2015-03-31,2015-04-30,2015-05-31,2015-06-30,2015-07-31,2015-08-31,2015-09-30,2015-10-31,2015-11-30,2015-12-31,2016-01-31,2016-02-29,2016-03-31,2016-04-30,2016-05-31,2016-06-30,2016-07-31,2016-08-31,2016-09-30,2016-10-31,2016-11-30,2016-12-31,2017-01-31,2017-02-28,2017-03-31,2017-04-30,2017-05-31,2017-06-30,2017-07-31,2017-08-31,2017-09-30,2017-10-31,2017-11-30,2017-12-31,2018-01-31,2018-02-28,2018-03-31,2018-04-30,2018-05-31,2018-06-30,2018-07-31,2018-08-31,2018-09-30,2018-10-31,2018-11-30,2018-12-31,2019-01-31,2019-02-28,2019-03-31,2019-04-30,2019-05-31,2019-06-30,2019-07-31,2019-08-31,2019-09-30,2019-10-31,2019-11-30,2019-12-31,2020-01-31,2020-02-29,2020-03-31,2020-04-30,2020-05-31,2020-06-30,2020-07-31,2020-08-31,2020-09-30,2020-10-31,2020-11-30,2020-12-31,2021-01-31,2021-02-28,2021-03-31,2021-04-30,2021-05-31,2021-06-30,2021-07-31,2021-08-31,2021-09-30
9,0,California,State,CA,202208.0,203068.0,204149.0,206424.0,208863.0,211402.0,214039.0,216834.0,219644.0,222309.0,224977.0,227597.0,229700.0,231877.0,234366.0,237502.0,240400.0,242918.0,245303.0,247685.0,250058.0,252297.0,254409.0,256399.0,257930.0,259618.0,261608.0,264354.0,267425.0,270783.0,274727.0,278923.0,283110.0,287039.0,290946.0,294823.0,298107.0,301199.0,304575.0,308575.0,312952.0,316703.0,320897.0,325374.0,330504.0,335308.0,339918.0,344400.0,349179.0,354653.0,360834.0,367882.0,376020.0,385013.0,393889.0,402174.0,410065.0,417768.0,424271.0,430861.0,436532.0,443204.0,450099.0,458046.0,465327.0,471902.0,478277.0,484903.0,491537.0,497994.0,502751.0,507168.0,510740.0,514049.0,517308.0,520160.0,523125.0,524816.0,525090.0,524825.0,523234.0,521871.0,520454.0,519340.0,518468.0,517288.0,515503.0,513268.0,509547.0,505618.0,500403.0,495311.0,489373.0,483256.0,477214.0,470576.0,464198.0,456153.0,446508.0,435297.0,423808.0,413121.0,402082.0,391687.0,382240.0,374324.0,366172.0,358396.0,351240.0,346752.0,342693.0,338618.0,334627.0,331347.0,329128.0,327151.0,325667.0,325152.0,326887.0,329515.0,331688.0,332072.0,333276.0,334770.0,336365.0,335645.0,333927.0,331476.0,329334.0,326999.0,325082.0,323900.0,322938.0,321897.0,320058.0,318291.0,315360.0,313545.0,311872.0,309859.0,307380.0,304856.0,304195.0,303606.0,303394.0,303137.0,303281.0,303986.0,305243.0,307037.0,309088.0,311423.0,314048.0,317589.0,321505.0,326975.0,332557.0,339010.0,345581.0,352671.0,359809.0,367301.0,374432.0,381034.0,386867.0,392355.0,397922.0,403200.0,408611.0,413260.0,415740.0,416667.0,417003.0,417551.0,418016.0,417812.0,418506.0,420136.0,422890.0,425370.0,427997.0,430804.0,433862.0,436009.0,438307.0,439961.0,440636.0,441947.0,444169.0,447960.0,450990.0,455143.0,459030.0,462438.0,464216.0,466531.0,468769.0,471145.0,471767.0,473377.0,475223.0,478843.0,481717.0,484286.0,487207.0,490214.0,493212.0,495709.0,498678.0,502030.0,503582.0,505299.0,507667.0,511865.0,516181.0,520473.0,525204.0,530333.0,534737.0,538175.0,540930.0,543694.0,545439.0,546850.0,547753.0,549518.0,550590.0,550444.0,549812.0,548924.0,548751.0,549485.0,550541.0,551438.0,551400.0,551823.0,552904.0,554865.0,556317.0,558363.0,560963.0,564949.0,569545.0,572985.0,572882.0,571799.0,574073.0,580823.0,589454.0,597795.0,605476.0,612431.0,618634.0,625751.0,633574.0,643921.0,658367.0,675883.0,694415.0,708133.0,717854.0
54,1,Texas,State,TX,112518.0,112641.0,112679.0,112883.0,112932.0,113003.0,113007.0,113221.0,113468.0,113727.0,114055.0,114429.0,114661.0,114619.0,114415.0,114336.0,114429.0,114563.0,114685.0,114773.0,114879.0,115001.0,115072.0,115140.0,115206.0,115402.0,115758.0,116217.0,116669.0,117159.0,117632.0,118142.0,118549.0,118896.0,119196.0,119457.0,119709.0,119901.0,120153.0,120371.0,120584.0,120781.0,120966.0,121204.0,121393.0,121606.0,121730.0,121854.0,122387.0,123529.0,125172.0,126498.0,127438.0,127896.0,128451.0,128943.0,129570.0,130108.0,130584.0,130999.0,131571.0,132067.0,132561.0,132938.0,133329.0,133729.0,134040.0,134335.0,134634.0,134841.0,135137.0,135328.0,135551.0,135843.0,136226.0,136742.0,137362.0,137979.0,138564.0,139050.0,139614.0,140364.0,141009.0,141660.0,141882.0,141981.0,141978.0,142353.0,142837.0,143388.0,143804.0,144284.0,144738.0,145140.0,145450.0,145750.0,145355.0,144841.0,144205.0,144075.0,143911.0,143712.0,143552.0,143088.0,142481.0,141803.0,141192.0,140641.0,140128.0,139987.0,139994.0,140079.0,140109.0,140068.0,140088.0,139880.0,139674.0,139412.0,139541.0,139683.0,139681.0,139652.0,139738.0,140039.0,140274.0,140246.0,139857.0,139236.0,138588.0,137976.0,137349.0,136844.0,136396.0,135937.0,135527.0,135150.0,134862.0,134498.0,134354.0,134231.0,134180.0,133998.0,133720.0,133433.0,133348.0,133593.0,134035.0,134433.0,134852.0,135259.0,135752.0,136107.0,136312.0,136473.0,136830.0,137336.0,138013.0,138738.0,139635.0,140567.0,141493.0,142416.0,143353.0,144231.0,145139.0,146118.0,147158.0,148103.0,149020.0,150012.0,150927.0,151758.0,152594.0,153565.0,154440.0,155266.0,156036.0,156910.0,157904.0,158991.0,160129.0,161279.0,162454.0,163609.0,164686.0,165767.0,166753.0,167561.0,168273.0,169151.0,170092.0,171149.0,172206.0,173229.0,174128.0,175020.0,176061.0,177072.0,178053.0,178809.0,179621.0,180475.0,181668.0,183014.0,184205.0,185348.0,186232.0,187187.0,187973.0,188823.0,189494.0,190183.0,190939.0,191909.0,192939.0,193951.0,194936.0,195926.0,196951.0,198009.0,198995.0,199970.0,200806.0,201762.0,202598.0,203520.0,204337.0,205307.0,206440.0,207505.0,208227.0,208661.0,209073.0,209546.0,210047.0,210672.0,211436.0,211879.0,212259.0,212466.0,213058.0,213592.0,214360.0,215027.0,215595.0,216155.0,216950.0,218324.0,220217.0,222440.0,224673.0,226817.0,228840.0,231435.0,234100.0,237583.0,241687.0,246909.0,252370.0,257837.0,262820.0
43,2,New York,State,NY,149667.0,150433.0,151073.0,152423.0,153644.0,154898.0,155919.0,156766.0,157506.0,158354.0,159482.0,160691.0,161849.0,162812.0,163765.0,164781.0,165869.0,167021.0,168201.0,169416.0,170558.0,171779.0,173067.0,174461.0,175854.0,177133.0,178228.0,179353.0,180537.0,181912.0,183341.0,184941.0,186531.0,188071.0,189555.0,191151.0,192726.0,194316.0,196113.0,197801.0,199507.0,201133.0,202874.0,204895.0,207042.0,209186.0,210913.0,212486.0,214135.0,215736.0,217042.0,218418.0,220089.0,222141.0,224371.0,226565.0,228894.0,231094.0,233362.0,235481.0,237549.0,239599.0,241446.0,243478.0,245642.0,247854.0,250222.0,252688.0,255277.0,257852.0,260047.0,262335.0,264251.0,266048.0,267451.0,268657.0,269839.0,271113.0,272278.0,273294.0,273811.0,274195.0,274343.0,274609.0,274797.0,274949.0,275232.0,275244.0,275482.0,275405.0,275468.0,275552.0,275521.0,275764.0,275922.0,275943.0,275941.0,275671.0,275462.0,274983.0,274254.0,273329.0,272133.0,270929.0,269569.0,267891.0,266110.0,264484.0,262998.0,261759.0,260642.0,259709.0,258821.0,257797.0,256757.0,255619.0,254755.0,254107.0,253731.0,253456.0,253232.0,253264.0,253344.0,253822.0,254208.0,254781.0,255016.0,254717.0,253970.0,252801.0,251748.0,250692.0,250067.0,249552.0,249269.0,248731.0,248201.0,247349.0,246623.0,245915.0,245282.0,244625.0,243885.0,243318.0,242804.0,242273.0,241901.0,241797.0,242012.0,242286.0,242461.0,242554.0,242562.0,242438.0,242454.0,242608.0,242869.0,243375.0,243888.0,244795.0,245708.0,246734.0,247595.0,248229.0,248790.0,249417.0,250093.0,250688.0,251293.0,251922.0,252704.0,253494.0,254228.0,254862.0,255241.0,255565.0,255841.0,256138.0,256440.0,256863.0,257236.0,257529.0,257707.0,258182.0,258806.0,259619.0,260380.0,261044.0,261633.0,262052.0,262488.0,262785.0,263080.0,263618.0,264386.0,265354.0,266318.0,267175.0,267955.0,268760.0,269524.0,270403.0,271357.0,272494.0,273577.0,274335.0,275067.0,276019.0,277391.0,279022.0,280496.0,281828.0,283027.0,284278.0,285598.0,286772.0,288114.0,289512.0,291058.0,292474.0,293764.0,294992.0,296293.0,297685.0,299154.0,300476.0,301732.0,302853.0,303987.0,305067.0,306290.0,307258.0,308096.0,308584.0,308894.0,309069.0,309159.0,309314.0,309721.0,310424.0,311371.0,312453.0,313433.0,314359.0,314818.0,315351.0,316451.0,318289.0,320962.0,324325.0,328026.0,331665.0,334839.0,338043.0,341146.0,344328.0,348348.0,353233.0,358830.0,363581.0,367731.0
14,3,Florida,State,FL,116830.0,117175.0,117539.0,118247.0,118921.0,119591.0,120250.0,120928.0,121619.0,122324.0,123068.0,123843.0,124618.0,125434.0,126298.0,127237.0,128213.0,129223.0,130321.0,131483.0,132662.0,133832.0,134932.0,136032.0,137081.0,138084.0,139088.0,140169.0,141322.0,142513.0,143711.0,145023.0,146263.0,147511.0,148672.0,150015.0,151379.0,152820.0,154291.0,155878.0,157496.0,159069.0,160622.0,162236.0,163909.0,165590.0,167219.0,168767.0,170343.0,171942.0,173752.0,175741.0,178069.0,180694.0,183588.0,186772.0,189887.0,192810.0,195523.0,198404.0,201469.0,204801.0,208588.0,213023.0,217872.0,223105.0,228659.0,234325.0,239718.0,244535.0,248989.0,253188.0,257149.0,260833.0,264841.0,269298.0,273312.0,276483.0,278401.0,279619.0,279850.0,279482.0,278842.0,277764.0,276565.0,275359.0,273967.0,272358.0,270185.0,267543.0,264399.0,261017.0,257618.0,254127.0,250435.0,246725.0,242562.0,238616.0,234281.0,230246.0,225739.0,221551.0,217186.0,212611.0,207986.0,203306.0,198745.0,194431.0,190384.0,186894.0,183525.0,180106.0,176844.0,173778.0,171297.0,168920.0,166740.0,164964.0,163948.0,163093.0,162413.0,161782.0,161405.0,161033.0,160473.0,159611.0,158447.0,157033.0,155549.0,154018.0,152480.0,151050.0,149576.0,148216.0,146783.0,145440.0,144083.0,142921.0,141846.0,141073.0,140502.0,140239.0,140117.0,140067.0,140131.0,140237.0,140554.0,140949.0,141425.0,141927.0,142592.0,143395.0,144378.0,145526.0,146726.0,148110.0,149692.0,151434.0,153137.0,154725.0,156503.0,158222.0,160201.0,162244.0,164500.0,166645.0,168730.0,170710.0,172524.0,174080.0,175397.0,176351.0,177272.0,178014.0,178867.0,179466.0,180292.0,181443.0,182648.0,183931.0,185038.0,186230.0,187177.0,188066.0,189004.0,190048.0,191041.0,192210.0,193508.0,194910.0,196212.0,197730.0,199241.0,200799.0,201948.0,203191.0,204322.0,205653.0,206972.0,208286.0,209466.0,210635.0,212000.0,213451.0,214790.0,215945.0,217017.0,218399.0,219749.0,221125.0,222273.0,223588.0,224862.0,226197.0,227464.0,228887.0,229956.0,231121.0,232395.0,233923.0,235446.0,236774.0,238021.0,239154.0,240275.0,241403.0,242686.0,244046.0,245309.0,246131.0,246697.0,247196.0,247625.0,248123.0,248664.0,249045.0,249351.0,249799.0,250517.0,251242.0,252288.0,253611.0,255185.0,256646.0,257843.0,258754.0,259545.0,261108.0,263231.0,265788.0,268411.0,271141.0,274297.0,277447.0,281158.0,285217.0,290698.0,297586.0,305563.0,313617.0,321643.0
21,4,Illinois,State,IL,147827.0,148151.0,148592.0,149459.0,150352.0,151221.0,152179.0,153292.0,154440.0,155579.0,156612.0,157593.0,158509.0,159331.0,160292.0,161220.0,162345.0,163388.0,164485.0,165598.0,166776.0,167976.0,169015.0,169886.0,170685.0,171577.0,172704.0,173648.0,174678.0,175584.0,176784.0,178051.0,179307.0,180475.0,181331.0,182311.0,183252.0,184386.0,185414.0,186584.0,187599.0,188541.0,189446.0,190649.0,192018.0,193325.0,194398.0,195346.0,196465.0,197581.0,198749.0,200051.0,201489.0,203080.0,204535.0,205978.0,207206.0,208471.0,209749.0,211196.0,212504.0,213850.0,215175.0,216690.0,218267.0,219818.0,221295.0,222753.0,224390.0,225959.0,227319.0,228624.0,229951.0,231239.0,232521.0,233604.0,234782.0,235497.0,236104.0,236573.0,236944.0,237128.0,237236.0,237481.0,238008.0,238451.0,238734.0,238725.0,238563.0,238264.0,237798.0,237301.0,236523.0,235749.0,234964.0,233971.0,232920.0,230469.0,229868.0,227686.0,227497.0,224962.0,224058.0,221267.0,219470.0,216445.0,214019.0,210847.0,207518.0,205142.0,202646.0,201425.0,199525.0,198245.0,196953.0,195743.0,193796.0,192027.0,190341.0,189790.0,188877.0,188530.0,187275.0,187716.0,187149.0,187780.0,185762.0,184608.0,182419.0,180994.0,178667.0,176624.0,174821.0,173424.0,172457.0,171067.0,170276.0,168979.0,168477.0,167296.0,166284.0,164301.0,163068.0,161242.0,160337.0,158662.0,158459.0,158137.0,158444.0,158351.0,157752.0,157118.0,156331.0,156576.0,156887.0,157145.0,157672.0,158468.0,159232.0,160205.0,161067.0,162526.0,163689.0,165158.0,166333.0,167902.0,168623.0,169595.0,170178.0,171254.0,171842.0,172202.0,172787.0,173653.0,174362.0,174597.0,174889.0,175121.0,175531.0,175962.0,176362.0,176851.0,177570.0,178508.0,179277.0,179398.0,179518.0,179434.0,179505.0,179522.0,179697.0,180290.0,181105.0,182567.0,183729.0,184616.0,185052.0,185398.0,185873.0,186215.0,186591.0,187067.0,187913.0,189066.0,190436.0,191673.0,192957.0,193926.0,194681.0,194929.0,195174.0,195459.0,196052.0,196715.0,197537.0,198549.0,199705.0,200746.0,201407.0,201795.0,202142.0,202421.0,202726.0,202914.0,203389.0,203798.0,204382.0,204863.0,205261.0,205866.0,206300.0,206766.0,206879.0,206904.0,206927.0,206957.0,206973.0,206915.0,206919.0,207124.0,207532.0,207975.0,208391.0,208555.0,208461.0,208460.0,209199.0,210501.0,212698.0,214880.0,217138.0,219009.0,220339.0,222255.0,223998.0,226460.0,228698.0,231749.0,235135.0,238452.0,241126.0
47,5,Pennsylvania,State,PA,106101.0,106460.0,106750.0,107315.0,107804.0,108250.0,108700.0,109093.0,109509.0,109904.0,110388.0,110894.0,111398.0,111885.0,112415.0,112992.0,113479.0,113949.0,114446.0,114993.0,115527.0,116001.0,116520.0,117007.0,117517.0,118059.0,118653.0,119313.0,119987.0,120695.0,121475.0,122354.0,123239.0,124093.0,124785.0,125491.0,126182.0,126927.0,127643.0,128426.0,129383.0,130501.0,131669.0,132724.0,133770.0,134747.0,135621.0,136401.0,137101.0,138040.0,138953.0,139999.0,141216.0,142617.0,144242.0,145700.0,147173.0,148374.0,149695.0,150977.0,152342.0,153331.0,154369.0,155560.0,157055.0,158754.0,160514.0,162330.0,163955.0,165412.0,166749.0,168014.0,169103.0,170038.0,170948.0,171963.0,173138.0,174413.0,175510.0,176323.0,176828.0,177246.0,177579.0,177864.0,178182.0,178594.0,179129.0,179565.0,180004.0,180296.0,180673.0,180876.0,180930.0,180972.0,181068.0,181116.0,180978.0,180919.0,180802.0,180737.0,180435.0,180025.0,179286.0,178382.0,177491.0,176773.0,176065.0,175258.0,174451.0,174028.0,173861.0,173730.0,173412.0,173007.0,172597.0,172090.0,171646.0,171385.0,171400.0,171531.0,171842.0,172230.0,172779.0,173247.0,173488.0,173421.0,173013.0,172390.0,171516.0,170549.0,169512.0,168588.0,167811.0,167200.0,166746.0,166183.0,165531.0,164679.0,163901.0,163297.0,162893.0,162526.0,162122.0,161731.0,161404.0,161166.0,161068.0,161097.0,161178.0,161129.0,160950.0,160745.0,160555.0,160435.0,160357.0,160399.0,160560.0,160830.0,161181.0,161645.0,162118.0,162610.0,163045.0,163329.0,163568.0,163691.0,163911.0,164081.0,164329.0,164612.0,164909.0,165122.0,165288.0,165533.0,165771.0,165891.0,165890.0,165875.0,165928.0,166108.0,166268.0,166435.0,166739.0,167245.0,167836.0,168168.0,168295.0,168410.0,168618.0,168897.0,169150.0,169414.0,169818.0,170392.0,170795.0,171133.0,171313.0,171765.0,172168.0,172653.0,172990.0,173388.0,173850.0,174590.0,175101.0,175564.0,176032.0,176824.0,177666.0,178347.0,178945.0,179558.0,180271.0,181079.0,181824.0,182636.0,183544.0,184484.0,185765.0,186875.0,187956.0,188533.0,189085.0,189606.0,190239.0,190873.0,191646.0,192441.0,193298.0,194052.0,194604.0,195030.0,195568.0,196169.0,196815.0,197402.0,197949.0,198575.0,199216.0,199939.0,200643.0,201297.0,202069.0,202840.0,203347.0,204002.0,205134.0,207011.0,209234.0,211746.0,214457.0,217201.0,219850.0,222160.0,224461.0,227023.0,230528.0,234371.0,237821.0,240568.0,242891.0
44,6,Ohio,State,OH,110386.0,110549.0,110722.0,111172.0,111716.0,112300.0,112795.0,113255.0,113713.0,114164.0,114619.0,115070.0,115504.0,115874.0,116261.0,116649.0,117025.0,117343.0,117692.0,118073.0,118452.0,118814.0,119138.0,119447.0,119715.0,119977.0,120260.0,120546.0,120846.0,121140.0,121468.0,121787.0,122106.0,122436.0,122797.0,123166.0,123506.0,123858.0,124189.0,124545.0,124886.0,125277.0,125702.0,126202.0,126691.0,127164.0,127531.0,127881.0,128180.0,128552.0,128938.0,129310.0,129670.0,130016.0,130398.0,130717.0,131031.0,131330.0,131655.0,131962.0,132324.0,132718.0,133120.0,133491.0,133800.0,134128.0,134420.0,134748.0,135042.0,135345.0,135636.0,135889.0,136080.0,136228.0,136369.0,136535.0,136706.0,136848.0,136969.0,137021.0,137002.0,136932.0,136789.0,136593.0,136409.0,136315.0,136139.0,135961.0,135762.0,135604.0,135355.0,135073.0,134893.0,134638.0,134167.0,133616.0,133065.0,132564.0,132179.0,131846.0,131606.0,131290.0,130993.0,130591.0,130115.0,129459.0,128838.0,128040.0,127140.0,126186.0,125412.0,124972.0,124698.0,124428.0,124035.0,123609.0,123241.0,122998.0,122685.0,122403.0,122106.0,122060.0,121998.0,122058.0,122059.0,122007.0,121682.0,121250.0,120691.0,120076.0,119321.0,118494.0,117750.0,117052.0,116551.0,116006.0,115515.0,115046.0,114769.0,114548.0,114272.0,113903.0,113511.0,113159.0,112705.0,112269.0,112018.0,111978.0,111959.0,111904.0,111887.0,111930.0,111976.0,111980.0,111936.0,111912.0,111939.0,112068.0,112216.0,112519.0,112974.0,113580.0,114141.0,114586.0,114858.0,115176.0,115481.0,115738.0,115702.0,115607.0,115531.0,115652.0,115899.0,116245.0,116597.0,116727.0,116844.0,116859.0,117098.0,117426.0,117947.0,118510.0,119064.0,119588.0,120159.0,120689.0,121169.0,121535.0,121848.0,122118.0,122436.0,122743.0,123166.0,123593.0,124188.0,124786.0,125327.0,125775.0,126194.0,126642.0,127114.0,127604.0,128189.0,128860.0,129596.0,130339.0,131105.0,131933.0,132717.0,133409.0,133965.0,134610.0,135311.0,136121.0,136844.0,137549.0,138068.0,138774.0,139613.0,140699.0,141713.0,142526.0,143267.0,143796.0,144309.0,144820.0,145489.0,146226.0,147101.0,147971.0,148862.0,149486.0,150174.0,150778.0,151435.0,151937.0,152540.0,153117.0,153571.0,154083.0,154814.0,155668.0,156567.0,157425.0,158340.0,159231.0,160208.0,161549.0,163057.0,164809.0,166865.0,168820.0,170807.0,172657.0,174838.0,177050.0,179335.0,181734.0,184200.0,186328.0,188734.0
30,7,Michigan,State,MI,123830.0,124037.0,124432.0,125133.0,125993.0,126809.0,127735.0,128588.0,129371.0,130099.0,130913.0,131787.0,132597.0,133233.0,133809.0,134347.0,134979.0,135542.0,136091.0,136661.0,137289.0,137917.0,138462.0,138987.0,139581.0,140117.0,140626.0,140989.0,141347.0,141714.0,142016.0,142371.0,142671.0,143089.0,143463.0,143870.0,144253.0,144638.0,144860.0,145128.0,145559.0,146102.0,146597.0,147061.0,147575.0,148199.0,148709.0,149214.0,149700.0,150104.0,150554.0,150852.0,151262.0,151637.0,152077.0,152492.0,152884.0,153338.0,153726.0,154123.0,154548.0,154865.0,155192.0,155446.0,155816.0,156061.0,156223.0,156437.0,156703.0,156976.0,157163.0,157355.0,157557.0,157729.0,157774.0,157662.0,157439.0,157138.0,156827.0,156460.0,156063.0,155606.0,155084.0,154440.0,153709.0,153011.0,152266.0,151556.0,150660.0,149897.0,148897.0,148125.0,146995.0,145941.0,144720.0,143742.0,142673.0,141381.0,139803.0,138000.0,136369.0,134791.0,133177.0,131131.0,129270.0,127753.0,126355.0,124505.0,122141.0,119859.0,117733.0,116047.0,114566.0,113200.0,112101.0,110945.0,109952.0,108739.0,107783.0,106893.0,106389.0,105787.0,105475.0,105384.0,105621.0,105868.0,105675.0,105220.0,104422.0,103623.0,102668.0,101816.0,100873.0,100142.0,99482.0,98880.0,98354.0,97833.0,97518.0,97405.0,97383.0,97314.0,97102.0,96861.0,96675.0,96567.0,96909.0,97331.0,97977.0,98637.0,99489.0,100231.0,100803.0,101427.0,102056.0,102611.0,103222.0,104148.0,105403.0,106736.0,108066.0,109437.0,110930.0,112391.0,113757.0,114888.0,115951.0,117058.0,118279.0,119422.0,120435.0,121377.0,122344.0,123405.0,124266.0,124825.0,125073.0,125295.0,125651.0,126053.0,126595.0,127251.0,128092.0,128955.0,129677.0,130332.0,130848.0,131302.0,131553.0,131768.0,132162.0,132847.0,133647.0,134495.0,135157.0,136193.0,137234.0,138327.0,139126.0,139752.0,140525.0,141314.0,142109.0,142891.0,143847.0,144966.0,146208.0,147511.0,148873.0,150000.0,150682.0,151238.0,151852.0,152591.0,153497.0,154452.0,155793.0,157264.0,158697.0,159995.0,161128.0,162242.0,163127.0,163892.0,164634.0,165359.0,166161.0,167141.0,168120.0,169146.0,170023.0,170909.0,171821.0,172580.0,173120.0,173302.0,173666.0,174055.0,174749.0,175346.0,176254.0,177223.0,178615.0,179869.0,180317.0,180103.0,180336.0,181773.0,184029.0,186538.0,189098.0,191639.0,193825.0,196176.0,198488.0,200789.0,203531.0,206850.0,210340.0,213410.0,215847.0
16,8,Georgia,State,GA,131251.0,131694.0,132135.0,133019.0,133861.0,134690.0,135488.0,136349.0,137224.0,138155.0,139071.0,140084.0,141083.0,141938.0,142688.0,143360.0,144107.0,144792.0,145460.0,146144.0,146826.0,147509.0,148109.0,148687.0,149198.0,149755.0,150266.0,150797.0,151286.0,151760.0,152176.0,152577.0,153006.0,153476.0,153882.0,154216.0,154538.0,154877.0,155276.0,155626.0,155934.0,156195.0,156452.0,156808.0,157182.0,157556.0,157872.0,158236.0,158558.0,158931.0,159297.0,159790.0,160267.0,160706.0,161110.0,161616.0,162166.0,162763.0,163244.0,163670.0,164002.0,164353.0,164734.0,165290.0,165951.0,166681.0,167309.0,167922.0,168539.0,169153.0,169740.0,170279.0,170839.0,171411.0,171943.0,172473.0,172963.0,173527.0,174116.0,174719.0,175221.0,175657.0,175941.0,176328.0,176658.0,177056.0,177420.0,177820.0,178129.0,178305.0,178354.0,178355.0,178158.0,177865.0,177336.0,176872.0,176075.0,175257.0,174255.0,173531.0,172809.0,172017.0,171017.0,169863.0,168664.0,167294.0,165487.0,163327.0,161264.0,159548.0,158035.0,156332.0,154597.0,153021.0,151803.0,150770.0,149731.0,148651.0,147688.0,146924.0,146134.0,145492.0,145006.0,144875.0,144692.0,144340.0,143411.0,142211.0,140606.0,139237.0,137734.0,136408.0,135030.0,133992.0,132867.0,131533.0,129880.0,128399.0,127255.0,126554.0,126092.0,125702.0,125301.0,124503.0,123937.0,123415.0,123628.0,123846.0,124223.0,124625.0,125148.0,125488.0,125586.0,125744.0,126311.0,127073.0,128113.0,129202.0,130389.0,131429.0,132559.0,133775.0,135033.0,136389.0,137779.0,139190.0,140443.0,141759.0,142933.0,144061.0,145026.0,145985.0,146883.0,147680.0,148460.0,149109.0,149790.0,150422.0,151146.0,151873.0,152598.0,153253.0,153870.0,154622.0,155562.0,156506.0,157229.0,157852.0,158478.0,159110.0,159819.0,160593.0,161508.0,162379.0,163346.0,164369.0,165335.0,166063.0,166626.0,167102.0,167541.0,168190.0,169012.0,170083.0,170946.0,171868.0,172700.0,173651.0,174590.0,175598.0,176708.0,177751.0,179115.0,180421.0,181884.0,183343.0,184836.0,186310.0,187511.0,188766.0,190003.0,191230.0,192466.0,193665.0,194946.0,196212.0,197446.0,198643.0,199654.0,200661.0,201749.0,202856.0,203804.0,204394.0,205020.0,205758.0,206635.0,207417.0,207899.0,208489.0,209146.0,210307.0,211318.0,212341.0,213031.0,213877.0,215005.0,216521.0,218413.0,220589.0,223100.0,225753.0,228303.0,231050.0,233894.0,237273.0,241352.0,246225.0,251585.0,256889.0,262707.0
36,9,North Carolina,State,NC,134702.0,135032.0,135315.0,135901.0,136453.0,136994.0,137481.0,137920.0,138351.0,138831.0,139407.0,140019.0,140669.0,141117.0,141515.0,141798.0,142147.0,142459.0,142734.0,143069.0,143394.0,143772.0,144019.0,144261.0,144475.0,144690.0,144917.0,145048.0,145265.0,145449.0,145720.0,145950.0,146181.0,146410.0,146620.0,146858.0,147101.0,147346.0,147586.0,147779.0,147995.0,148184.0,148427.0,148730.0,149039.0,149342.0,149603.0,149929.0,150269.0,150633.0,150954.0,151297.0,151606.0,151998.0,152382.0,152804.0,153253.0,153750.0,154259.0,154763.0,155115.0,155566.0,155971.0,156579.0,157180.0,157950.0,158769.0,159656.0,160482.0,161366.0,162161.0,162944.0,163657.0,164381.0,165186.0,166042.0,166980.0,167883.0,168812.0,169770.0,170672.0,171478.0,172116.0,172708.0,173343.0,173929.0,174634.0,175337.0,176114.0,176830.0,177411.0,177946.0,178332.0,178632.0,178841.0,178955.0,179028.0,179059.0,179132.0,179145.0,179041.0,178708.0,178221.0,177705.0,177173.0,176638.0,175914.0,175062.0,174154.0,173586.0,173124.0,172590.0,171833.0,171018.0,170251.0,169336.0,168571.0,167957.0,167588.0,167156.0,166762.0,166309.0,165995.0,165904.0,165880.0,165692.0,165126.0,164421.0,163664.0,162953.0,162210.0,161504.0,160752.0,160074.0,159356.0,158574.0,157841.0,157192.0,156632.0,156025.0,155517.0,154878.0,154269.0,153688.0,153280.0,153020.0,152915.0,153052.0,153063.0,152928.0,152750.0,152753.0,152740.0,152761.0,152788.0,152865.0,153031.0,153264.0,153714.0,154171.0,154689.0,155151.0,155614.0,156079.0,156486.0,156959.0,157379.0,157961.0,158491.0,159106.0,159564.0,159935.0,160195.0,160376.0,160520.0,160576.0,160711.0,160880.0,161231.0,161613.0,162118.0,162675.0,163358.0,163934.0,164405.0,164844.0,165395.0,166018.0,166552.0,167032.0,167443.0,167837.0,168283.0,168831.0,169318.0,169926.0,170638.0,171534.0,172375.0,173169.0,174018.0,174876.0,175809.0,176780.0,177701.0,178534.0,179396.0,180327.0,181219.0,182006.0,182681.0,183454.0,184330.0,185428.0,186511.0,187651.0,188771.0,189963.0,191006.0,191920.0,192841.0,193840.0,194982.0,196054.0,197140.0,198095.0,199201.0,200276.0,201381.0,202328.0,203186.0,204106.0,204902.0,205710.0,206426.0,207153.0,207973.0,208938.0,209947.0,210881.0,211629.0,212595.0,213587.0,214691.0,215715.0,216742.0,217986.0,219457.0,221266.0,223337.0,225594.0,228102.0,230929.0,234073.0,237405.0,240786.0,244749.0,249560.0,255183.0,261066.0,267112.0
40,10,New Jersey,State,NJ,186462.0,187232.0,187877.0,189265.0,190471.0,191846.0,193300.0,195085.0,197001.0,198882.0,200464.0,201871.0,203235.0,204959.0,206672.0,208550.0,210282.0,212212.0,214204.0,216394.0,218724.0,221148.0,223238.0,225111.0,226909.0,228937.0,231070.0,233234.0,235427.0,237866.0,240550.0,243913.0,247548.0,251311.0,254592.0,257682.0,260688.0,263710.0,266720.0,269757.0,272909.0,276252.0,279722.0,283288.0,286521.0,289410.0,291844.0,294218.0,296663.0,299312.0,302381.0,305698.0,309595.0,313634.0,317877.0,322187.0,326362.0,330478.0,334205.0,337711.0,341075.0,344286.0,347721.0,351846.0,356343.0,361010.0,365321.0,369577.0,373563.0,377597.0,381415.0,384941.0,387787.0,390623.0,393490.0,396737.0,399636.0,402028.0,403320.0,403633.0,403402.0,402584.0,401544.0,399977.0,398530.0,397622.0,397586.0,397858.0,397635.0,396431.0,394537.0,392478.0,390605.0,388930.0,387169.0,385370.0,383880.0,382727.0,380992.0,378266.0,374709.0,371400.0,368329.0,365377.0,362265.0,358911.0,355344.0,352271.0,350121.0,348284.0,346355.0,343651.0,340964.0,338319.0,336006.0,334056.0,332433.0,331320.0,330602.0,330427.0,330397.0,330488.0,330299.0,330110.0,329690.0,329048.0,327946.0,326325.0,324210.0,321828.0,319647.0,317690.0,316169.0,314620.0,312971.0,310976.0,308754.0,306435.0,303971.0,301920.0,300134.0,298505.0,296648.0,294738.0,293370.0,292499.0,292209.0,291472.0,290733.0,289587.0,288571.0,287464.0,286809.0,286587.0,286807.0,287159.0,288022.0,288748.0,289665.0,290205.0,291186.0,292526.0,294117.0,295702.0,296919.0,298026.0,299226.0,300191.0,301309.0,302015.0,303444.0,304792.0,306188.0,306990.0,307362.0,307338.0,306920.0,306413.0,305887.0,305620.0,305777.0,306499.0,306882.0,307462.0,307865.0,308340.0,308334.0,308116.0,308037.0,307995.0,308236.0,308347.0,308189.0,308219.0,308445.0,309162.0,309776.0,310351.0,310748.0,310867.0,310986.0,311269.0,311640.0,312056.0,312672.0,313331.0,314636.0,315828.0,317547.0,318351.0,319290.0,320061.0,321158.0,322111.0,323181.0,324370.0,325692.0,327266.0,328809.0,330802.0,332116.0,333272.0,333771.0,334169.0,334804.0,335567.0,336422.0,337163.0,337488.0,337925.0,338509.0,339428.0,340441.0,341037.0,341541.0,341448.0,341231.0,341106.0,341265.0,342178.0,343006.0,344234.0,345346.0,347131.0,348064.0,348998.0,350076.0,353226.0,357876.0,363522.0,368995.0,374413.0,378705.0,383189.0,387366.0,392511.0,398396.0,405684.0,413170.0,420051.0,425212.0
56,11,Virginia,State,VA,135447.0,135934.0,136387.0,137202.0,137916.0,138563.0,139393.0,140339.0,141360.0,142287.0,143269.0,144293.0,145335.0,146226.0,147200.0,148201.0,149322.0,150378.0,151533.0,152643.0,153812.0,154914.0,156110.0,157217.0,158266.0,159345.0,160497.0,161810.0,163109.0,164559.0,166060.0,167646.0,169201.0,170708.0,172120.0,173436.0,174575.0,175813.0,177148.0,178731.0,180432.0,182189.0,184120.0,186055.0,188066.0,190124.0,192094.0,193995.0,195702.0,197733.0,200138.0,203015.0,206412.0,210190.0,214452.0,218843.0,223192.0,226885.0,230084.0,233325.0,236705.0,239966.0,243540.0,247692.0,252678.0,257402.0,261923.0,265899.0,270021.0,273553.0,276860.0,279442.0,281801.0,284207.0,286663.0,288796.0,290111.0,290952.0,291765.0,292231.0,292083.0,291600.0,291203.0,291028.0,290749.0,290727.0,290695.0,290996.0,290577.0,289653.0,288076.0,286640.0,285448.0,284465.0,283426.0,281889.0,280179.0,278283.0,276019.0,273478.0,270750.0,268552.0,266117.0,263436.0,260753.0,258707.0,257037.0,255458.0,253594.0,251881.0,250199.0,248773.0,247516.0,246293.0,245193.0,244061.0,242994.0,242090.0,241740.0,241856.0,242388.0,242822.0,243268.0,243748.0,244075.0,243869.0,242882.0,241701.0,240588.0,239676.0,238715.0,238039.0,237426.0,236770.0,235962.0,235261.0,234556.0,233919.0,233212.0,232686.0,231993.0,231308.0,230784.0,230649.0,230688.0,231038.0,231460.0,231831.0,232132.0,232265.0,232457.0,232493.0,232763.0,233445.0,234589.0,235591.0,236715.0,237685.0,238845.0,239677.0,240336.0,240875.0,241558.0,242367.0,243349.0,244077.0,244885.0,245639.0,246716.0,247451.0,248084.0,248364.0,248609.0,248825.0,249067.0,249161.0,249241.0,249429.0,249714.0,250001.0,250066.0,250411.0,250777.0,251045.0,251321.0,251438.0,251606.0,251746.0,252027.0,252348.0,252630.0,252998.0,253524.0,253642.0,253809.0,254168.0,254870.0,255460.0,255925.0,256433.0,257054.0,257682.0,258506.0,259464.0,260505.0,261590.0,262472.0,263326.0,263837.0,264462.0,264922.0,265618.0,266317.0,267237.0,268159.0,268898.0,269781.0,270463.0,271475.0,272200.0,273116.0,273871.0,274676.0,275389.0,276084.0,276874.0,277633.0,278641.0,279558.0,280875.0,282055.0,283148.0,283756.0,284301.0,284915.0,285911.0,287074.0,288333.0,288966.0,289483.0,289833.0,290837.0,291794.0,292973.0,294028.0,295227.0,296697.0,298555.0,300816.0,303384.0,306227.0,309154.0,311965.0,314732.0,317818.0,321418.0,325498.0,329667.0,333428.0,336399.0,339679.0
59,12,Washington,State,WA,175756.0,176359.0,176876.0,177880.0,178828.0,179618.0,180492.0,181225.0,181889.0,182470.0,183136.0,184012.0,184924.0,185854.0,186717.0,187540.0,188153.0,188793.0,189348.0,190126.0,190746.0,191542.0,192188.0,193130.0,193844.0,194630.0,195298.0,195898.0,196359.0,196739.0,197291.0,197950.0,198563.0,199179.0,199767.0,200176.0,200768.0,201364.0,202378.0,203368.0,204595.0,205695.0,206846.0,208205.0,209562.0,210901.0,211937.0,213123.0,214428.0,215780.0,217211.0,218891.0,221067.0,223483.0,225779.0,227921.0,229892.0,231873.0,233977.0,236429.0,238903.0,241019.0,243615.0,246805.0,250537.0,254858.0,259487.0,264650.0,269184.0,273117.0,276752.0,280116.0,283034.0,286286.0,289686.0,293875.0,297892.0,301645.0,305089.0,308206.0,310829.0,312970.0,314264.0,315103.0,315713.0,316829.0,318773.0,321208.0,323113.0,324196.0,324619.0,325144.0,325249.0,324327.0,322612.0,320814.0,319125.0,317666.0,316213.0,314153.0,311493.0,308605.0,306011.0,303037.0,299950.0,297034.0,294155.0,291037.0,288363.0,285487.0,282534.0,278515.0,275186.0,272414.0,270664.0,268955.0,267502.0,266599.0,266195.0,265794.0,264412.0,263116.0,261992.0,262365.0,262749.0,262236.0,260322.0,257650.0,255235.0,252574.0,250120.0,247705.0,245744.0,244249.0,242355.0,240302.0,237131.0,234797.0,232584.0,231070.0,229174.0,227403.0,225777.0,224475.0,223609.0,222478.0,222148.0,222139.0,223153.0,224430.0,225900.0,227280.0,228500.0,229941.0,231728.0,233627.0,235229.0,237056.0,239212.0,241717.0,244348.0,246635.0,249014.0,251138.0,253236.0,254916.0,256261.0,257681.0,259457.0,261491.0,262650.0,263615.0,264249.0,265913.0,267179.0,268167.0,268663.0,269783.0,271248.0,273275.0,275574.0,277470.0,279537.0,281342.0,283732.0,285598.0,287332.0,289468.0,291601.0,293930.0,296372.0,299190.0,301931.0,305201.0,308244.0,311275.0,313588.0,315906.0,318371.0,320461.0,322633.0,324614.0,327426.0,330721.0,334234.0,337875.0,341365.0,345021.0,348248.0,351203.0,354117.0,356840.0,359417.0,362242.0,365200.0,369145.0,373402.0,378216.0,382574.0,386193.0,388848.0,390471.0,391502.0,392475.0,394151.0,395964.0,397771.0,399073.0,400822.0,401810.0,402724.0,402849.0,403583.0,404000.0,404827.0,405839.0,407397.0,409026.0,411596.0,414991.0,419353.0,423497.0,427971.0,431361.0,432393.0,432924.0,434628.0,440025.0,446455.0,453963.0,460860.0,467015.0,473070.0,479639.0,486843.0,495401.0,504837.0,517728.0,529429.0,540242.0,548280.0
26,13,Massachusetts,State,MA,208631.0,209624.0,210660.0,212613.0,214515.0,216489.0,218838.0,221751.0,224939.0,228258.0,231371.0,234512.0,237264.0,239847.0,242482.0,245246.0,248037.0,250943.0,253992.0,257332.0,260430.0,263898.0,267217.0,270308.0,272661.0,274791.0,277144.0,279677.0,282363.0,285072.0,288197.0,291414.0,295033.0,299317.0,303694.0,307729.0,310741.0,313759.0,316875.0,320354.0,323676.0,326526.0,328714.0,330938.0,333539.0,336388.0,339183.0,341737.0,344148.0,346687.0,349367.0,352397.0,355340.0,358001.0,360724.0,363494.0,366970.0,370242.0,373261.0,375658.0,377959.0,380969.0,384079.0,387393.0,390003.0,391567.0,392417.0,392863.0,394108.0,395470.0,396504.0,396346.0,395967.0,395045.0,394672.0,394359.0,394122.0,393357.0,391206.0,388850.0,386014.0,383749.0,381188.0,379102.0,377700.0,376750.0,376240.0,375517.0,374668.0,373418.0,371745.0,370158.0,368620.0,366778.0,364936.0,363102.0,361164.0,358909.0,356485.0,354359.0,352609.0,351033.0,349086.0,346826.0,343901.0,340881.0,337897.0,335351.0,333178.0,331007.0,328734.0,326899.0,325838.0,325178.0,324657.0,324096.0,323799.0,323517.0,323670.0,324474.0,325819.0,327419.0,328521.0,329741.0,330348.0,330895.0,330363.0,329439.0,327362.0,325392.0,323648.0,323027.0,322286.0,320995.0,319161.0,317798.0,316653.0,315965.0,315141.0,314262.0,312726.0,310799.0,308977.0,307795.0,306783.0,305821.0,305601.0,306019.0,306951.0,307400.0,307843.0,308031.0,308164.0,308822.0,310291.0,312458.0,314016.0,316502.0,318877.0,321609.0,323734.0,325612.0,327708.0,329697.0,332108.0,334205.0,335872.0,336923.0,338098.0,339117.0,340805.0,342561.0,344171.0,345157.0,345806.0,346315.0,346452.0,346362.0,346639.0,347933.0,350091.0,352062.0,353504.0,354000.0,354844.0,355521.0,356882.0,358006.0,359276.0,360623.0,361594.0,362252.0,363488.0,365595.0,367692.0,369944.0,371975.0,373975.0,374834.0,375401.0,376876.0,378501.0,380922.0,382548.0,384318.0,385449.0,386838.0,388974.0,391425.0,394293.0,396888.0,398491.0,400256.0,401524.0,403801.0,405599.0,407931.0,410517.0,413161.0,415098.0,416750.0,418603.0,420509.0,421960.0,422891.0,423826.0,424508.0,425571.0,426473.0,426872.0,426810.0,426907.0,427455.0,428253.0,428324.0,428654.0,429416.0,430530.0,431572.0,432842.0,435033.0,437067.0,439542.0,440940.0,442131.0,442336.0,444357.0,448950.0,455005.0,461708.0,468085.0,474465.0,479952.0,485830.0,491853.0,498488.0,506053.0,515221.0,524356.0,531988.0,536920.0
22,14,Indiana,State,IN,103199.0,103136.0,103037.0,102580.0,102450.0,102563.0,103162.0,103586.0,103897.0,104284.0,104852.0,105533.0,106018.0,106159.0,106215.0,106252.0,106563.0,106921.0,107325.0,107613.0,107706.0,107953.0,108119.0,108452.0,108430.0,108481.0,108342.0,108286.0,108395.0,108698.0,109041.0,109083.0,109016.0,109107.0,109321.0,109588.0,109645.0,109702.0,109731.0,109884.0,110098.0,110395.0,110708.0,110935.0,111082.0,111308.0,111516.0,111754.0,111913.0,112084.0,112336.0,112544.0,112941.0,113322.0,113752.0,114104.0,114332.0,114664.0,114945.0,115298.0,116153.0,117178.0,118214.0,118690.0,119198.0,119856.0,120540.0,120986.0,121269.0,121501.0,121720.0,121889.0,121844.0,121843.0,121698.0,121745.0,121897.0,122357.0,122801.0,123188.0,123475.0,123872.0,124151.0,124428.0,124500.0,124619.0,124626.0,124750.0,124695.0,124649.0,124467.0,124398.0,124279.0,124304.0,124541.0,124897.0,125106.0,125125.0,125060.0,124933.0,124766.0,124628.0,124392.0,124007.0,123518.0,123167.0,122815.0,122341.0,121976.0,121665.0,121538.0,121367.0,121215.0,121074.0,120771.0,120445.0,120114.0,119838.0,119706.0,119651.0,119585.0,119641.0,119670.0,119883.0,119916.0,119964.0,119819.0,119551.0,119040.0,118499.0,117897.0,117441.0,116999.0,116603.0,116277.0,115989.0,115697.0,115438.0,115328.0,115414.0,115500.0,115489.0,115346.0,115136.0,114844.0,114705.0,114704.0,114940.0,115160.0,115266.0,115279.0,115243.0,115244.0,115319.0,115245.0,115267.0,115226.0,115412.0,115583.0,115983.0,116346.0,116739.0,117030.0,117334.0,117554.0,117683.0,117925.0,118249.0,118610.0,118960.0,119371.0,119868.0,120294.0,120675.0,121061.0,121434.0,121747.0,122002.0,122302.0,122612.0,122827.0,123026.0,123211.0,123627.0,124022.0,124465.0,124678.0,124907.0,125145.0,125359.0,125643.0,125934.0,126340.0,126716.0,127014.0,127395.0,127860.0,128508.0,129241.0,129951.0,130619.0,131206.0,131696.0,132099.0,132452.0,132968.0,133668.0,134546.0,135414.0,136216.0,136866.0,137582.0,138238.0,139073.0,139875.0,140714.0,141377.0,142077.0,142948.0,143938.0,144885.0,145815.0,146844.0,147825.0,148671.0,149271.0,150050.0,150950.0,152084.0,152901.0,153655.0,154203.0,154951.0,155561.0,156181.0,156808.0,157616.0,158451.0,159156.0,159705.0,160370.0,161201.0,162057.0,162892.0,163628.0,164389.0,165269.0,166301.0,167670.0,169198.0,171124.0,173172.0,175210.0,177298.0,179333.0,181257.0,183342.0,185682.0,188411.0,190931.0,194174.0
8,15,Arizona,State,AZ,136491.0,136822.0,137210.0,137968.0,138757.0,139374.0,140030.0,140663.0,141418.0,142111.0,142761.0,143398.0,144023.0,144656.0,145294.0,145940.0,146587.0,147225.0,147812.0,148422.0,149053.0,149757.0,150459.0,151090.0,151591.0,152067.0,152624.0,153244.0,153844.0,154535.0,155270.0,156143.0,156822.0,157557.0,158177.0,158928.0,159586.0,160326.0,160965.0,161730.0,162491.0,163344.0,164206.0,165163.0,166258.0,167300.0,168138.0,168861.0,169524.0,170486.0,171640.0,173036.0,174735.0,176574.0,179027.0,181751.0,184330.0,187043.0,189722.0,193140.0,196717.0,201252.0,205834.0,211545.0,218123.0,226614.0,235856.0,244534.0,253435.0,260710.0,267597.0,271510.0,273062.0,276581.0,280962.0,285938.0,288314.0,289351.0,289002.0,287579.0,285279.0,284204.0,282273.0,280455.0,278478.0,277336.0,276924.0,276873.0,276504.0,275236.0,273288.0,270811.0,267853.0,265189.0,261327.0,257788.0,253840.0,248887.0,243693.0,237486.0,233476.0,229041.0,224293.0,217966.0,212172.0,207514.0,201621.0,195633.0,190284.0,187552.0,184522.0,181239.0,177427.0,174526.0,172086.0,169775.0,167677.0,165391.0,165059.0,165138.0,165162.0,163932.0,162760.0,162423.0,161682.0,160749.0,158284.0,156533.0,154165.0,152678.0,150772.0,149093.0,147134.0,145339.0,144039.0,142296.0,140723.0,138925.0,137944.0,137357.0,137033.0,137041.0,136975.0,137810.0,138352.0,139321.0,139867.0,141759.0,144483.0,147552.0,150366.0,153111.0,156281.0,159049.0,161789.0,163406.0,165569.0,166975.0,168982.0,170510.0,172442.0,175031.0,178119.0,180613.0,182672.0,184272.0,185047.0,186501.0,188274.0,190856.0,191623.0,191455.0,191333.0,191655.0,191781.0,191968.0,191824.0,192154.0,192965.0,193985.0,194541.0,194945.0,196417.0,198027.0,199552.0,200261.0,201418.0,202485.0,203897.0,204723.0,205364.0,206021.0,207708.0,209203.0,210417.0,211311.0,212318.0,213157.0,213616.0,214409.0,215563.0,217091.0,218583.0,219497.0,220458.0,221755.0,223430.0,224735.0,225878.0,227053.0,228618.0,229621.0,231001.0,232238.0,233574.0,234439.0,235831.0,237808.0,239868.0,241609.0,243097.0,244442.0,245865.0,247303.0,249080.0,250342.0,251509.0,252414.0,253689.0,254925.0,256186.0,257039.0,257838.0,258764.0,259938.0,261622.0,263056.0,264486.0,265938.0,267962.0,269858.0,271793.0,274298.0,277855.0,280250.0,281932.0,283861.0,287702.0,292367.0,297140.0,302389.0,308245.0,314901.0,320722.0,328078.0,334309.0,344519.0,355037.0,366861.0,376026.0,383799.0
53,16,Tennessee,State,TN,113538.0,113725.0,113870.0,114197.0,114486.0,114725.0,114978.0,115227.0,115554.0,115848.0,116205.0,116627.0,117133.0,117511.0,117856.0,118123.0,118429.0,118686.0,118914.0,119212.0,119517.0,119867.0,120116.0,120297.0,120430.0,120649.0,120882.0,121079.0,121272.0,121475.0,121708.0,121889.0,122094.0,122353.0,122598.0,122844.0,123006.0,123272.0,123517.0,123823.0,124106.0,124415.0,124703.0,125005.0,125313.0,125658.0,125959.0,126245.0,126530.0,126895.0,127307.0,127762.0,128170.0,128591.0,129046.0,129532.0,130039.0,130575.0,131076.0,131588.0,132057.0,132673.0,133365.0,134153.0,134933.0,135763.0,136687.0,137608.0,138496.0,139292.0,140034.0,140769.0,141359.0,142055.0,142762.0,143611.0,144411.0,145244.0,146077.0,146931.0,147680.0,148390.0,148941.0,149422.0,149714.0,150087.0,150561.0,151138.0,151674.0,152132.0,152489.0,152753.0,152815.0,152776.0,152506.0,152175.0,151611.0,151152.0,150783.0,150642.0,150519.0,150300.0,149904.0,149361.0,148758.0,148242.0,147665.0,147074.0,146533.0,146154.0,145745.0,145169.0,144421.0,143704.0,143043.0,142551.0,142135.0,141832.0,141544.0,141349.0,141256.0,141176.0,141207.0,141264.0,141356.0,141280.0,141064.0,140709.0,140266.0,139738.0,139206.0,138618.0,137925.0,137348.0,136795.0,136450.0,136030.0,135686.0,135315.0,135012.0,134707.0,134341.0,134011.0,133708.0,133596.0,133489.0,133525.0,133607.0,133760.0,133824.0,133932.0,134041.0,134243.0,134388.0,134521.0,134682.0,134947.0,135275.0,135647.0,136063.0,136411.0,136774.0,137077.0,137554.0,138127.0,138828.0,139585.0,140227.0,140850.0,141291.0,141661.0,141922.0,142271.0,142664.0,143057.0,143358.0,143637.0,143875.0,144149.0,144543.0,145056.0,145589.0,146114.0,146625.0,147285.0,147871.0,148463.0,149004.0,149674.0,150419.0,151315.0,152072.0,152832.0,153539.0,154340.0,155067.0,155666.0,156215.0,156925.0,157657.0,158549.0,159432.0,160494.0,161542.0,162410.0,163148.0,164070.0,165236.0,166450.0,167599.0,168716.0,169784.0,170747.0,171681.0,172721.0,173806.0,174843.0,175999.0,177088.0,178205.0,179205.0,180242.0,181288.0,182256.0,183252.0,184256.0,185206.0,186124.0,187112.0,188064.0,189026.0,189860.0,190709.0,191427.0,192010.0,192639.0,193385.0,194260.0,195248.0,196239.0,197275.0,198570.0,200045.0,201536.0,202823.0,204069.0,205274.0,206551.0,207993.0,209739.0,212015.0,214496.0,217293.0,219877.0,222472.0,225231.0,228683.0,232959.0,237724.0,242577.0,247815.0
32,17,Missouri,State,MO,99765.0,99965.0,100211.0,100732.0,101305.0,101871.0,102467.0,103134.0,103796.0,104510.0,105286.0,105985.0,106467.0,106810.0,107291.0,107916.0,108591.0,109280.0,109953.0,110558.0,111161.0,111809.0,112502.0,113203.0,113838.0,114477.0,115014.0,115540.0,116073.0,116686.0,117327.0,117891.0,118502.0,119171.0,119848.0,120438.0,120958.0,121526.0,122082.0,122643.0,123252.0,123924.0,124586.0,125250.0,125912.0,126628.0,127272.0,127955.0,128553.0,129037.0,129402.0,129716.0,130184.0,130725.0,131394.0,131945.0,132411.0,132843.0,133355.0,133930.0,134476.0,134969.0,135449.0,135954.0,136582.0,137219.0,137858.0,138484.0,139119.0,139785.0,140371.0,140925.0,141357.0,141747.0,142079.0,142431.0,142767.0,143123.0,143487.0,143809.0,144163.0,144548.0,144915.0,145175.0,145345.0,145483.0,145610.0,145674.0,145687.0,145648.0,145597.0,145524.0,145375.0,145149.0,144747.0,144353.0,144033.0,143941.0,143840.0,143509.0,143104.0,142608.0,142121.0,141580.0,141092.0,140660.0,140015.0,139357.0,138735.0,138352.0,138054.0,137721.0,137262.0,136628.0,135943.0,135394.0,134870.0,134507.0,134461.0,134621.0,134619.0,134350.0,134323.0,134567.0,134783.0,134561.0,134037.0,133312.0,132474.0,131551.0,130607.0,129722.0,128949.0,128288.0,127511.0,126732.0,125972.0,125382.0,124913.0,124380.0,123969.0,123414.0,122972.0,122429.0,122097.0,121887.0,121979.0,122299.0,122649.0,122814.0,122763.0,122712.0,122810.0,122767.0,122915.0,123069.0,123604.0,123949.0,124279.0,124492.0,124848.0,125295.0,125692.0,125953.0,126033.0,126267.0,126438.0,126708.0,126861.0,127126.0,127431.0,127919.0,128585.0,129248.0,129757.0,130092.0,130322.0,130547.0,130788.0,131013.0,131042.0,131170.0,131442.0,132086.0,132715.0,133355.0,133863.0,134336.0,134768.0,135192.0,135514.0,135978.0,136398.0,137000.0,137527.0,138122.0,138759.0,139425.0,140123.0,140731.0,141359.0,142055.0,142821.0,143456.0,144117.0,144889.0,145719.0,146504.0,147059.0,147623.0,148157.0,148809.0,149633.0,150458.0,151196.0,151865.0,152603.0,153408.0,154277.0,155136.0,155964.0,156679.0,157401.0,158171.0,158802.0,159435.0,160026.0,160835.0,161722.0,162676.0,163412.0,163938.0,164382.0,164787.0,165151.0,165396.0,165781.0,166243.0,166765.0,167302.0,167967.0,168799.0,169580.0,170228.0,170605.0,171239.0,172248.0,173835.0,175598.0,177455.0,179416.0,181439.0,183282.0,185252.0,187343.0,189856.0,192417.0,195019.0,197463.0,199510.0,202063.0
27,18,Maryland,State,MD,163223.0,163248.0,163452.0,163870.0,164591.0,165329.0,166149.0,166824.0,167540.0,168330.0,169169.0,170123.0,170854.0,171588.0,172221.0,173177.0,174189.0,175376.0,176560.0,177885.0,179209.0,180445.0,181692.0,182994.0,184341.0,185649.0,187002.0,188559.0,190492.0,192580.0,194823.0,197081.0,199284.0,201404.0,203327.0,205370.0,207258.0,209274.0,211294.0,213546.0,215967.0,218660.0,221435.0,224290.0,227208.0,230195.0,232923.0,235474.0,237822.0,240469.0,243104.0,246327.0,249866.0,254122.0,258631.0,263660.0,268610.0,273095.0,277237.0,281295.0,285510.0,289503.0,293509.0,298421.0,303884.0,309987.0,316235.0,322577.0,327856.0,332778.0,336416.0,340688.0,343792.0,347258.0,350863.0,355118.0,359170.0,362098.0,364588.0,366359.0,367500.0,367638.0,367656.0,367374.0,367283.0,367055.0,367361.0,367660.0,367751.0,367145.0,366087.0,365049.0,363982.0,362169.0,359136.0,355981.0,353591.0,351766.0,349710.0,347009.0,343295.0,338831.0,333573.0,328684.0,323961.0,319797.0,316526.0,313347.0,310164.0,306552.0,302879.0,299182.0,295802.0,293275.0,290648.0,288422.0,285847.0,284109.0,282800.0,282041.0,281738.0,281115.0,280809.0,280572.0,280879.0,280607.0,279540.0,277396.0,275068.0,272971.0,270884.0,268797.0,266946.0,266118.0,265888.0,265352.0,264137.0,262791.0,261151.0,259464.0,257615.0,256496.0,255800.0,255187.0,254346.0,253860.0,253955.0,254388.0,254725.0,254913.0,255158.0,255361.0,255680.0,256029.0,256810.0,257723.0,259036.0,260507.0,262286.0,264058.0,265932.0,267436.0,268817.0,269877.0,271319.0,272801.0,274723.0,276051.0,277286.0,278432.0,279254.0,280246.0,280351.0,280512.0,280214.0,280109.0,280029.0,280128.0,280436.0,280677.0,280680.0,280764.0,281252.0,281528.0,281828.0,281472.0,281302.0,280826.0,280877.0,280944.0,280881.0,281477.0,282055.0,283025.0,283487.0,284494.0,285610.0,286211.0,286731.0,286832.0,287940.0,288832.0,290085.0,291000.0,292197.0,293357.0,294312.0,295249.0,295763.0,296341.0,296344.0,296700.0,297395.0,298637.0,300194.0,301639.0,302470.0,303415.0,304209.0,305660.0,306717.0,307669.0,308441.0,308829.0,309225.0,309559.0,310416.0,311365.0,312662.0,313503.0,313890.0,313949.0,314190.0,314572.0,314672.0,314722.0,314807.0,315096.0,315453.0,315850.0,316610.0,317265.0,318363.0,319131.0,319879.0,320735.0,322641.0,325266.0,328436.0,331887.0,335823.0,339906.0,343213.0,347349.0,351844.0,356833.0,360948.0,365208.0,369294.0,372973.0,375808.0
60,19,Wisconsin,State,WI,118459.0,118509.0,118754.0,119063.0,119536.0,119985.0,120567.0,121159.0,121727.0,122290.0,122811.0,123357.0,123859.0,124432.0,125028.0,125700.0,126310.0,126918.0,127535.0,128170.0,128798.0,129409.0,129994.0,130577.0,131142.0,131719.0,132261.0,132793.0,133312.0,133847.0,134370.0,134966.0,135563.0,136273.0,136889.0,137515.0,138002.0,138545.0,139200.0,139892.0,140732.0,141601.0,142574.0,143696.0,144858.0,146100.0,146896.0,147574.0,148147.0,148991.0,149832.0,150869.0,152158.0,153592.0,155161.0,156315.0,157407.0,158359.0,159405.0,160400.0,160867.0,161235.0,161657.0,162632.0,163872.0,165206.0,166529.0,167761.0,168789.0,169598.0,170232.0,170730.0,171075.0,171474.0,171788.0,172149.0,172428.0,172647.0,172769.0,172950.0,173247.0,173571.0,173768.0,173855.0,174093.0,174255.0,174485.0,174563.0,174587.0,174534.0,174272.0,174166.0,174077.0,174128.0,174024.0,173911.0,173723.0,173254.0,172513.0,171690.0,171040.0,170632.0,170181.0,169626.0,168894.0,167829.0,166591.0,165439.0,163748.0,162793.0,161905.0,161937.0,161478.0,161046.0,160415.0,160002.0,159477.0,158949.0,158352.0,157913.0,157865.0,158096.0,158425.0,158712.0,158849.0,158577.0,158014.0,156865.0,155373.0,153925.0,152577.0,151494.0,150458.0,149387.0,148436.0,147447.0,146586.0,145830.0,145044.0,144518.0,144088.0,143605.0,143198.0,142602.0,142216.0,141619.0,141380.0,141258.0,141636.0,141878.0,142204.0,142135.0,142104.0,141780.0,141710.0,141467.0,141559.0,141250.0,141620.0,142236.0,143400.0,144242.0,144991.0,145596.0,146323.0,146925.0,147435.0,147744.0,148094.0,148680.0,149534.0,150162.0,150637.0,151010.0,151497.0,151628.0,151528.0,151406.0,151619.0,152038.0,152449.0,153015.0,153373.0,154067.0,154515.0,154883.0,154973.0,155020.0,155181.0,155490.0,156057.0,156748.0,157426.0,158112.0,158634.0,159303.0,160019.0,160947.0,161637.0,162451.0,163298.0,164299.0,165169.0,166125.0,167140.0,168196.0,169158.0,170177.0,171065.0,171960.0,172735.0,173544.0,174247.0,174934.0,175751.0,176963.0,178336.0,179730.0,181070.0,182270.0,183380.0,184132.0,184835.0,185463.0,186266.0,187110.0,187905.0,188759.0,189448.0,190611.0,191761.0,192974.0,193574.0,193985.0,194462.0,195139.0,195730.0,196567.0,197213.0,198230.0,199061.0,200287.0,201373.0,202446.0,203176.0,203919.0,204970.0,206635.0,208597.0,210665.0,213142.0,215658.0,218181.0,220536.0,223017.0,225493.0,228023.0,231048.0,234060.0,236721.0,239220.0
31,20,Minnesota,State,MN,135821.0,136507.0,137048.0,138299.0,139466.0,140790.0,142181.0,144296.0,146240.0,148240.0,149701.0,151452.0,152951.0,154350.0,155822.0,157445.0,158984.0,160495.0,162082.0,163898.0,165795.0,167758.0,169522.0,170970.0,172171.0,173234.0,174284.0,175283.0,176635.0,177895.0,179274.0,180468.0,181761.0,183003.0,184275.0,185720.0,187155.0,188468.0,189676.0,190828.0,192148.0,193355.0,194682.0,195945.0,197342.0,198588.0,199845.0,201050.0,202210.0,203465.0,204694.0,206162.0,207599.0,209210.0,210625.0,211900.0,213095.0,214189.0,215182.0,216213.0,217569.0,219034.0,220187.0,221538.0,222917.0,224324.0,225319.0,226057.0,226939.0,227749.0,228670.0,229291.0,229819.0,230231.0,230549.0,230887.0,231067.0,231361.0,231279.0,231116.0,230593.0,230296.0,229876.0,229773.0,229757.0,229822.0,229585.0,229138.0,228479.0,227730.0,226680.0,225890.0,225033.0,224301.0,223069.0,221548.0,219848.0,217901.0,216146.0,214451.0,213015.0,211696.0,210169.0,208225.0,206060.0,203854.0,201889.0,200119.0,198408.0,196796.0,194798.0,193115.0,191886.0,191175.0,190628.0,190136.0,189418.0,188534.0,187682.0,187320.0,187182.0,187376.0,188004.0,188601.0,189070.0,188815.0,188212.0,186816.0,184993.0,183062.0,181418.0,179432.0,177665.0,175749.0,174579.0,173152.0,171787.0,170374.0,169194.0,168371.0,167566.0,166760.0,165829.0,164892.0,164235.0,163970.0,164420.0,165079.0,165784.0,166565.0,167432.0,168388.0,169426.0,170704.0,172074.0,173389.0,174674.0,175748.0,176945.0,178041.0,179823.0,181506.0,183351.0,184900.0,186376.0,187714.0,188795.0,189782.0,191050.0,192733.0,194870.0,196681.0,197877.0,198356.0,198430.0,198152.0,197750.0,197282.0,197148.0,197497.0,198092.0,199512.0,200983.0,202556.0,203314.0,203709.0,204061.0,204441.0,204967.0,205428.0,206240.0,207289.0,208826.0,210535.0,212187.0,213433.0,214072.0,214641.0,215366.0,216410.0,217306.0,218282.0,219307.0,220531.0,221803.0,223304.0,224999.0,226883.0,228525.0,229809.0,230708.0,231342.0,232086.0,232828.0,234080.0,235694.0,237613.0,239600.0,241402.0,243003.0,244124.0,244932.0,245591.0,246591.0,247616.0,248779.0,249808.0,251077.0,252374.0,253548.0,254212.0,254840.0,255534.0,256377.0,257047.0,257545.0,258368.0,259338.0,260379.0,261484.0,262523.0,263561.0,264540.0,265544.0,266426.0,267114.0,267984.0,269593.0,271794.0,274621.0,277731.0,280719.0,283747.0,286176.0,288778.0,290730.0,293859.0,297648.0,302293.0,305705.0,308732.0
10,21,Colorado,State,CO,186631.0,187540.0,188402.0,190347.0,192272.0,194364.0,196371.0,198622.0,200895.0,203134.0,205276.0,207333.0,209460.0,211432.0,213459.0,215395.0,217294.0,218980.0,220673.0,222357.0,223848.0,225130.0,226147.0,226941.0,227309.0,227786.0,228532.0,229468.0,230429.0,231208.0,231972.0,232435.0,232975.0,233533.0,234057.0,234257.0,234295.0,234374.0,234796.0,235205.0,235418.0,235534.0,235689.0,235930.0,236191.0,236421.0,236856.0,237297.0,237672.0,237995.0,238391.0,239009.0,239747.0,240524.0,241167.0,241759.0,241989.0,242372.0,242686.0,243340.0,244004.0,244469.0,244998.0,245637.0,246526.0,247328.0,248024.0,248690.0,249226.0,249880.0,250414.0,250982.0,251542.0,251865.0,252161.0,252447.0,253134.0,253723.0,254009.0,254331.0,254263.0,254063.0,253569.0,253472.0,253424.0,253245.0,253179.0,253432.0,254001.0,254551.0,254891.0,255021.0,254632.0,253997.0,253030.0,252003.0,250808.0,249829.0,248874.0,248098.0,247141.0,246268.0,245140.0,244160.0,243379.0,242780.0,241974.0,241076.0,240262.0,239900.0,239629.0,239408.0,239066.0,238687.0,238082.0,237568.0,237166.0,237026.0,237161.0,237463.0,238144.0,238817.0,239339.0,239350.0,238842.0,237993.0,236920.0,235774.0,234609.0,233568.0,232614.0,231684.0,230945.0,230243.0,229566.0,228825.0,227766.0,226925.0,226095.0,225718.0,225529.0,225425.0,225454.0,225543.0,225933.0,226469.0,227073.0,227781.0,228861.0,230216.0,231807.0,232983.0,234294.0,235559.0,237051.0,238467.0,240187.0,242152.0,244317.0,246061.0,247635.0,249100.0,250925.0,252843.0,254640.0,256264.0,257831.0,259650.0,261280.0,263059.0,264481.0,265935.0,267362.0,268834.0,270403.0,271582.0,273060.0,274881.0,277263.0,279914.0,282854.0,285985.0,289011.0,291790.0,294589.0,297211.0,299831.0,302459.0,305339.0,308288.0,311253.0,314258.0,316937.0,319736.0,322520.0,325529.0,327976.0,330062.0,332140.0,334231.0,336237.0,338246.0,340738.0,343482.0,346431.0,349489.0,352568.0,355311.0,357542.0,359521.0,361098.0,362644.0,364502.0,366815.0,369196.0,372110.0,374713.0,377343.0,379588.0,382314.0,384920.0,387191.0,389062.0,390854.0,392824.0,394969.0,397340.0,399110.0,400420.0,401851.0,402936.0,403815.0,403739.0,403850.0,403969.0,404623.0,405596.0,406513.0,407466.0,408911.0,411161.0,413118.0,415025.0,416735.0,418201.0,419246.0,420559.0,423168.0,426800.0,431370.0,436336.0,441400.0,446684.0,452410.0,458974.0,466442.0,476230.0,487733.0,499535.0,508962.0,516875.0
4,22,Alabama,State,AL,100651.0,100923.0,101072.0,101411.0,101731.0,102089.0,102368.0,102610.0,102905.0,103268.0,103691.0,104162.0,104702.0,105134.0,105497.0,105744.0,105994.0,106237.0,106513.0,106724.0,107004.0,107343.0,107663.0,107867.0,107971.0,108160.0,108315.0,108499.0,108705.0,108942.0,109203.0,109405.0,109649.0,109894.0,110169.0,110449.0,110682.0,110998.0,111314.0,111719.0,112012.0,112263.0,112496.0,112763.0,113063.0,113310.0,113583.0,113830.0,114107.0,114380.0,114708.0,115026.0,115415.0,115891.0,116444.0,116920.0,117353.0,117831.0,118444.0,119088.0,119591.0,119973.0,120256.0,120595.0,120972.0,121451.0,121987.0,122531.0,123086.0,123771.0,124634.0,125554.0,126459.0,127348.0,128372.0,129440.0,130464.0,131430.0,132315.0,133272.0,134042.0,134732.0,135064.0,135355.0,135479.0,136025.0,136606.0,137367.0,137665.0,137874.0,137880.0,138011.0,138092.0,138166.0,138097.0,137952.0,137677.0,137445.0,137171.0,137006.0,136908.0,136929.0,136854.0,136524.0,136200.0,135712.0,135365.0,134757.0,134345.0,133809.0,133321.0,132646.0,132041.0,131395.0,130810.0,130177.0,129592.0,129126.0,128751.0,128438.0,128280.0,128151.0,127818.0,127372.0,126874.0,126409.0,125758.0,125078.0,124501.0,124051.0,123443.0,122723.0,121987.0,121404.0,121043.0,120724.0,120486.0,120191.0,119873.0,119556.0,119183.0,118799.0,118283.0,117914.0,117866.0,117891.0,118006.0,117883.0,117882.0,117782.0,117767.0,117732.0,117781.0,117827.0,117987.0,118089.0,118284.0,118437.0,118756.0,119021.0,119162.0,119254.0,119360.0,119617.0,119800.0,119952.0,120096.0,120285.0,120434.0,120518.0,120610.0,120842.0,121193.0,121553.0,121856.0,122133.0,122310.0,122506.0,122738.0,122962.0,123181.0,123357.0,123661.0,123941.0,124174.0,124328.0,124530.0,124722.0,124956.0,125078.0,125198.0,125402.0,125651.0,125983.0,126305.0,126750.0,127077.0,127373.0,127556.0,127831.0,128082.0,128443.0,128860.0,129332.0,129619.0,129860.0,130120.0,130513.0,130892.0,131155.0,131479.0,131890.0,132456.0,132925.0,133328.0,133877.0,134391.0,134940.0,135401.0,135953.0,136561.0,137214.0,137946.0,138598.0,139201.0,139719.0,140356.0,140871.0,141399.0,141900.0,142404.0,142875.0,143339.0,143911.0,144550.0,145132.0,145655.0,146215.0,146927.0,147732.0,148515.0,149306.0,150146.0,151012.0,151912.0,152650.0,153460.0,154490.0,155880.0,157342.0,158821.0,160202.0,161688.0,163220.0,164886.0,166532.0,168395.0,170585.0,173201.0,175674.0,178649.0
51,23,South Carolina,State,SC,122186.0,122590.0,122861.0,123486.0,123958.0,124471.0,124925.0,125452.0,126002.0,126540.0,127090.0,127517.0,128104.0,128609.0,129173.0,129489.0,129899.0,130304.0,130823.0,131161.0,131469.0,131778.0,132129.0,132468.0,132696.0,132837.0,133001.0,133154.0,133420.0,133648.0,134010.0,134306.0,134621.0,134917.0,135261.0,135605.0,135944.0,136359.0,136749.0,137032.0,137320.0,137659.0,138181.0,138659.0,139143.0,139603.0,140060.0,140522.0,140950.0,141448.0,141978.0,142475.0,143126.0,143824.0,144670.0,145364.0,146152.0,146958.0,147841.0,148669.0,149488.0,150313.0,151293.0,152239.0,153201.0,154209.0,155454.0,156710.0,157906.0,159010.0,160072.0,161178.0,162171.0,163485.0,164606.0,165860.0,167019.0,168379.0,169744.0,170911.0,171877.0,172661.0,173219.0,173682.0,174098.0,174508.0,174888.0,175099.0,175353.0,175485.0,175649.0,175772.0,175827.0,175672.0,175478.0,175280.0,175260.0,175097.0,174732.0,174335.0,174000.0,173710.0,173056.0,172264.0,171448.0,170755.0,169699.0,168701.0,167500.0,166534.0,165775.0,165026.0,164100.0,162944.0,161987.0,161292.0,160641.0,160028.0,159577.0,159324.0,159201.0,158968.0,158649.0,158476.0,158453.0,158259.0,157764.0,157169.0,156424.0,155652.0,154887.0,153984.0,152968.0,151804.0,150979.0,150155.0,149414.0,148679.0,148172.0,147690.0,147184.0,146662.0,146164.0,146000.0,146023.0,146318.0,146325.0,146353.0,146220.0,146084.0,145827.0,145588.0,145613.0,145753.0,145932.0,146000.0,146077.0,146217.0,146662.0,147063.0,147456.0,147842.0,148361.0,149060.0,149665.0,150247.0,150802.0,151290.0,151882.0,152424.0,152839.0,153024.0,153243.0,153555.0,153965.0,154336.0,154712.0,155066.0,155328.0,155594.0,155897.0,156410.0,157082.0,157822.0,158434.0,158998.0,159510.0,159941.0,160332.0,160847.0,161479.0,162132.0,162711.0,163192.0,163698.0,164240.0,164924.0,165576.0,166167.0,166882.0,167681.0,168573.0,169373.0,170093.0,170520.0,171102.0,171632.0,172555.0,173292.0,174110.0,174810.0,175519.0,176181.0,176828.0,177541.0,178268.0,179221.0,180235.0,181507.0,182565.0,183500.0,184272.0,185083.0,185918.0,186813.0,187610.0,188450.0,189302.0,190136.0,190947.0,191512.0,192135.0,192666.0,193271.0,193918.0,194522.0,195132.0,195728.0,196315.0,196907.0,197454.0,198038.0,198798.0,199571.0,200708.0,201742.0,202993.0,204215.0,205795.0,207560.0,209432.0,211307.0,213160.0,215309.0,217602.0,220272.0,223303.0,227174.0,231423.0,236227.0,241354.0
25,24,Louisiana,State,LA,106568.0,106917.0,107125.0,107591.0,107978.0,108364.0,108703.0,108915.0,109268.0,109708.0,110330.0,110942.0,111643.0,112247.0,112865.0,113377.0,113797.0,114156.0,114493.0,114904.0,115336.0,115762.0,116176.0,116507.0,116740.0,117114.0,117558.0,118068.0,119070.0,119821.0,120630.0,120388.0,120415.0,120456.0,120980.0,121487.0,121972.0,122410.0,122728.0,122786.0,122790.0,122908.0,123223.0,123723.0,124199.0,124804.0,125239.0,125692.0,126137.0,126695.0,127331.0,127922.0,128408.0,128982.0,129530.0,130288.0,130904.0,131551.0,132188.0,132794.0,133094.0,133309.0,133459.0,134037.0,134668.0,135562.0,136509.0,137653.0,138717.0,139973.0,141181.0,142546.0,143993.0,145441.0,146915.0,148167.0,149115.0,149975.0,150680.0,151489.0,152110.0,152688.0,153312.0,153867.0,154377.0,154879.0,155486.0,156103.0,156471.0,156816.0,157085.0,157471.0,157746.0,157908.0,158064.0,158074.0,158132.0,157978.0,157839.0,157676.0,157693.0,157731.0,157760.0,157782.0,157737.0,157623.0,157210.0,156851.0,156504.0,156452.0,156410.0,156625.0,156685.0,156760.0,156626.0,156317.0,155982.0,155656.0,155604.0,155349.0,155358.0,155373.0,155644.0,155714.0,155894.0,156041.0,155971.0,155760.0,155582.0,155436.0,155176.0,154547.0,153506.0,152504.0,151658.0,151235.0,150900.0,150765.0,150659.0,150577.0,150379.0,150286.0,150114.0,149768.0,149503.0,149304.0,149541.0,149892.0,150298.0,150569.0,150603.0,150694.0,150730.0,150777.0,150661.0,150501.0,150448.0,150650.0,151106.0,151458.0,151720.0,152073.0,152563.0,153064.0,153262.0,153406.0,153646.0,153953.0,154357.0,154734.0,155176.0,155569.0,155615.0,155539.0,155463.0,155658.0,155930.0,156207.0,156756.0,157085.0,157343.0,157501.0,157957.0,158380.0,158789.0,159141.0,159609.0,159879.0,160295.0,160688.0,161012.0,161374.0,161598.0,161904.0,161946.0,162162.0,162507.0,162995.0,163451.0,163868.0,164352.0,164699.0,164969.0,165133.0,165479.0,165706.0,166147.0,166552.0,167073.0,167329.0,167635.0,167931.0,168402.0,168786.0,169252.0,169884.0,170785.0,171600.0,171865.0,171763.0,171488.0,171491.0,171460.0,171643.0,171708.0,171843.0,171672.0,171612.0,171639.0,171945.0,172125.0,172160.0,172317.0,172492.0,172746.0,172795.0,172906.0,172899.0,173073.0,173739.0,174595.0,175423.0,175903.0,176304.0,176417.0,176565.0,176936.0,177683.0,178577.0,179550.0,180557.0,181448.0,182471.0,183685.0,184933.0,185993.0,187235.0,188896.0,190932.0,193147.0,195441.0
24,25,Kentucky,State,KY,91908.0,92012.0,92146.0,92441.0,92757.0,93057.0,93391.0,93775.0,94204.0,94583.0,95022.0,95493.0,96081.0,96594.0,97097.0,97522.0,97961.0,98411.0,98840.0,99187.0,99480.0,99746.0,100021.0,100275.0,100492.0,100747.0,100986.0,101223.0,101407.0,101610.0,101873.0,102148.0,102441.0,102714.0,102995.0,103239.0,103472.0,103756.0,104056.0,104358.0,104639.0,104903.0,105176.0,105455.0,105790.0,106129.0,106435.0,106707.0,106956.0,107246.0,107494.0,107687.0,107896.0,108147.0,108483.0,108773.0,109063.0,109409.0,109735.0,110066.0,110410.0,110816.0,111318.0,111825.0,112318.0,112751.0,113178.0,113584.0,113963.0,114242.0,114565.0,114889.0,115228.0,115516.0,115809.0,116102.0,116359.0,116582.0,116776.0,116972.0,117281.0,117592.0,117900.0,118068.0,118210.0,118357.0,118440.0,118408.0,118390.0,118415.0,118516.0,118613.0,118693.0,118824.0,118834.0,118810.0,118717.0,118689.0,118654.0,118424.0,118192.0,117969.0,117944.0,117969.0,118009.0,118015.0,117912.0,117774.0,117688.0,117671.0,117604.0,117470.0,117241.0,117026.0,116790.0,116586.0,116352.0,116207.0,116109.0,116130.0,116099.0,116070.0,116144.0,116310.0,116472.0,116414.0,116263.0,116067.0,115911.0,115738.0,115353.0,114891.0,114272.0,113720.0,113234.0,112899.0,112619.0,112341.0,112095.0,111891.0,111679.0,111442.0,111372.0,111316.0,111310.0,111335.0,111461.0,111686.0,111820.0,111830.0,111823.0,111754.0,111828.0,111857.0,111927.0,111916.0,111978.0,112112.0,112355.0,112554.0,112775.0,113042.0,113351.0,113725.0,113943.0,114151.0,114299.0,114495.0,114578.0,114772.0,114881.0,115181.0,115445.0,115854.0,116219.0,116397.0,116518.0,116567.0,116743.0,117016.0,117472.0,117840.0,118282.0,118706.0,119186.0,119582.0,119883.0,120251.0,120619.0,120895.0,121150.0,121402.0,121768.0,122259.0,122808.0,123458.0,124049.0,124726.0,125295.0,125834.0,126286.0,126776.0,127289.0,127828.0,128340.0,128868.0,129521.0,130277.0,131093.0,131864.0,132618.0,133292.0,133941.0,134461.0,135062.0,135671.0,136427.0,137181.0,137855.0,138429.0,138942.0,139525.0,140134.0,140666.0,141117.0,141524.0,141735.0,142107.0,142598.0,143341.0,143926.0,144548.0,145238.0,145973.0,146638.0,147275.0,147921.0,148563.0,149055.0,149632.0,150182.0,150739.0,151217.0,151776.0,152235.0,152687.0,153201.0,154279.0,155554.0,157088.0,158777.0,160336.0,161575.0,162784.0,164114.0,165638.0,167163.0,168873.0,170702.0,172232.0,175020.0
46,26,Oregon,State,OR,161547.0,162063.0,162464.0,163291.0,163894.0,164414.0,164798.0,165271.0,165633.0,166031.0,166458.0,166991.0,167611.0,168100.0,168651.0,169090.0,169588.0,170067.0,170646.0,171309.0,171893.0,172463.0,172970.0,173573.0,174149.0,174730.0,175285.0,175862.0,176596.0,177436.0,178317.0,178956.0,179534.0,180093.0,180842.0,181567.0,182267.0,182899.0,183610.0,184394.0,185278.0,186241.0,187336.0,188553.0,189723.0,190958.0,192019.0,193085.0,193873.0,194824.0,195958.0,197401.0,199162.0,201032.0,203151.0,205132.0,207026.0,208770.0,210580.0,212341.0,213911.0,215725.0,218030.0,221345.0,224932.0,228872.0,232933.0,237380.0,241911.0,245945.0,249536.0,253333.0,256828.0,259927.0,263033.0,266753.0,271013.0,275663.0,279729.0,283294.0,285076.0,286433.0,287430.0,288572.0,289304.0,290040.0,291100.0,292847.0,294556.0,295615.0,296135.0,296193.0,296137.0,295606.0,294551.0,293280.0,291392.0,290224.0,288578.0,287183.0,285064.0,282998.0,280920.0,278579.0,276088.0,273467.0,270912.0,268109.0,265798.0,263094.0,260528.0,257641.0,255192.0,252711.0,250268.0,248402.0,247132.0,246231.0,245334.0,244590.0,243756.0,243120.0,243006.0,242778.0,241932.0,240609.0,239077.0,237292.0,234938.0,232685.0,230691.0,228747.0,226896.0,224879.0,222675.0,220585.0,218895.0,217842.0,216975.0,216101.0,215331.0,214243.0,212954.0,211572.0,210722.0,210495.0,210985.0,211946.0,213135.0,214218.0,215052.0,216121.0,217225.0,218703.0,219618.0,220948.0,222606.0,225442.0,228144.0,231077.0,233869.0,236392.0,238611.0,240098.0,241792.0,243080.0,245191.0,247356.0,249694.0,251395.0,252642.0,253852.0,254698.0,255984.0,257053.0,258374.0,259655.0,261131.0,262639.0,264076.0,265587.0,267384.0,269408.0,271166.0,273065.0,275015.0,277207.0,279637.0,281897.0,284238.0,286558.0,289381.0,292391.0,294732.0,297024.0,299634.0,302821.0,305710.0,308604.0,311036.0,313441.0,315559.0,317616.0,320333.0,322999.0,326109.0,328578.0,330976.0,332632.0,333919.0,335028.0,336462.0,337827.0,339401.0,341312.0,343598.0,345944.0,348495.0,351087.0,353023.0,354458.0,355785.0,357309.0,358662.0,359683.0,360802.0,362444.0,364402.0,366486.0,367884.0,368632.0,368600.0,368389.0,368436.0,368384.0,368926.0,369228.0,370848.0,372357.0,374347.0,376356.0,378363.0,380887.0,382474.0,383615.0,384008.0,385215.0,387925.0,392462.0,397845.0,403925.0,409121.0,414126.0,419344.0,425618.0,432824.0,441010.0,450607.0,460196.0,468155.0,474505.0
45,27,Oklahoma,State,OK,79045.0,79110.0,79323.0,79655.0,80050.0,80366.0,80702.0,81004.0,81282.0,81542.0,81891.0,82324.0,82812.0,83265.0,83635.0,83965.0,84222.0,84481.0,84716.0,85011.0,85324.0,85614.0,85850.0,86082.0,86327.0,86650.0,86921.0,87192.0,87390.0,87599.0,87827.0,88076.0,88359.0,88629.0,88904.0,89170.0,89419.0,89684.0,89968.0,90284.0,90532.0,90737.0,90923.0,91168.0,91456.0,91712.0,91935.0,92169.0,92475.0,92818.0,93117.0,93378.0,93614.0,93842.0,94076.0,94389.0,94785.0,95211.0,95523.0,95842.0,96227.0,96619.0,96984.0,97299.0,97646.0,97941.0,98245.0,98553.0,98912.0,99211.0,99556.0,99887.0,100254.0,100703.0,101225.0,101713.0,102110.0,102477.0,102858.0,103226.0,103528.0,103853.0,104174.0,104492.0,104745.0,104917.0,105061.0,105238.0,105490.0,105817.0,106198.0,106525.0,106761.0,106899.0,107055.0,107171.0,107178.0,107241.0,107050.0,107099.0,107143.0,107442.0,107505.0,107488.0,107488.0,107598.0,107521.0,107369.0,107184.0,106897.0,106719.0,106584.0,106707.0,106885.0,107048.0,107203.0,107315.0,107333.0,107487.0,107612.0,107817.0,107931.0,108147.0,108442.0,108745.0,108808.0,108595.0,108324.0,108000.0,107568.0,106926.0,106466.0,106175.0,106027.0,105759.0,105468.0,105164.0,104945.0,104928.0,105019.0,105184.0,105004.0,104767.0,104499.0,104411.0,104439.0,104516.0,104777.0,105122.0,105412.0,105629.0,105791.0,105813.0,105723.0,105731.0,105918.0,106238.0,106452.0,106698.0,107028.0,107267.0,107522.0,107789.0,108156.0,108522.0,108630.0,108700.0,108728.0,109042.0,109399.0,109770.0,110024.0,110346.0,110598.0,110893.0,111128.0,111410.0,111843.0,112199.0,112526.0,112828.0,113309.0,113881.0,114377.0,114707.0,115009.0,115262.0,115494.0,115655.0,115566.0,115484.0,115500.0,115810.0,116240.0,116656.0,117045.0,117401.0,117746.0,118083.0,118384.0,118705.0,119127.0,119539.0,119984.0,120199.0,120446.0,120639.0,121037.0,121419.0,121755.0,121975.0,122223.0,122614.0,123168.0,123744.0,124280.0,124701.0,124879.0,125034.0,125127.0,125369.0,125511.0,125703.0,125898.0,126175.0,126647.0,127229.0,127782.0,128166.0,128594.0,128969.0,129238.0,129428.0,129814.0,130308.0,130816.0,131283.0,131904.0,132813.0,133613.0,134509.0,135019.0,135662.0,136142.0,136663.0,137135.0,137678.0,138453.0,139352.0,140457.0,141799.0,143111.0,144333.0,145323.0,146417.0,147659.0,149319.0,151235.0,153190.0,154954.0,157331.0
11,28,Connecticut,State,CT,173540.0,174489.0,175373.0,176763.0,177724.0,178652.0,179673.0,180934.0,182176.0,183587.0,184990.0,186205.0,187354.0,188361.0,189666.0,191092.0,192603.0,193999.0,195276.0,197131.0,199067.0,201298.0,203039.0,204448.0,205613.0,206834.0,208410.0,210189.0,212210.0,214423.0,216673.0,218761.0,220519.0,222903.0,225589.0,228092.0,230103.0,231620.0,233593.0,235785.0,238439.0,240974.0,243387.0,245514.0,247948.0,249983.0,252460.0,254693.0,256913.0,258669.0,260528.0,262898.0,265775.0,268931.0,271994.0,274810.0,277537.0,280671.0,284056.0,287024.0,289226.0,291042.0,293555.0,296478.0,299712.0,302795.0,305752.0,308920.0,311997.0,315174.0,317987.0,320199.0,321774.0,322306.0,323929.0,325590.0,327816.0,328640.0,329291.0,329315.0,329213.0,328652.0,327900.0,327246.0,327143.0,327213.0,327244.0,326898.0,326432.0,325549.0,324548.0,323742.0,323258.0,322656.0,321431.0,320025.0,317410.0,314950.0,312025.0,310199.0,308742.0,307517.0,305819.0,303416.0,300525.0,297643.0,295025.0,292951.0,291023.0,290002.0,288348.0,286932.0,284449.0,282250.0,279900.0,278490.0,277154.0,276128.0,274516.0,273116.0,271719.0,271232.0,271432.0,272487.0,273135.0,273581.0,272949.0,271923.0,270377.0,268079.0,265363.0,262902.0,261847.0,261399.0,260336.0,259056.0,257445.0,256570.0,255128.0,253411.0,251316.0,249195.0,247597.0,246036.0,244813.0,243700.0,242908.0,242173.0,241329.0,239934.0,238633.0,237680.0,237027.0,236802.0,236881.0,237592.0,238589.0,239260.0,240096.0,241461.0,243229.0,244908.0,245783.0,246461.0,247186.0,247646.0,248099.0,248072.0,248036.0,248254.0,248183.0,248088.0,247536.0,247377.0,247054.0,246151.0,245092.0,244264.0,243932.0,243617.0,243472.0,243563.0,244212.0,244662.0,245238.0,245274.0,245415.0,245251.0,245280.0,244787.0,244117.0,243833.0,244209.0,244701.0,245028.0,244754.0,244706.0,244458.0,244548.0,244247.0,243801.0,243821.0,244589.0,245557.0,246514.0,246929.0,247603.0,248361.0,249361.0,250030.0,250876.0,251616.0,252415.0,253071.0,254128.0,254892.0,255290.0,255277.0,255700.0,256154.0,256632.0,257069.0,257507.0,258067.0,258243.0,258557.0,258640.0,259241.0,259061.0,259374.0,259669.0,260381.0,260753.0,260686.0,260546.0,260360.0,260420.0,260536.0,260802.0,260996.0,261570.0,261898.0,262646.0,263397.0,263999.0,264899.0,266790.0,269911.0,274106.0,278562.0,283180.0,287174.0,290816.0,295129.0,299752.0,304647.0,309978.0,315872.0,321615.0,325649.0,328385.0
19,29,Iowa,State,IA,93033.0,93314.0,93545.0,94027.0,94482.0,94880.0,95257.0,95538.0,95868.0,96304.0,96716.0,97219.0,97505.0,97843.0,98047.0,98401.0,98747.0,99165.0,99532.0,99944.0,100341.0,100741.0,101127.0,101551.0,101786.0,101971.0,102073.0,102447.0,102908.0,103455.0,103856.0,104193.0,104430.0,104751.0,105126.0,105563.0,105923.0,106248.0,106495.0,106774.0,107052.0,107371.0,107759.0,108236.0,108723.0,109202.0,109632.0,110042.0,110362.0,110590.0,110843.0,111183.0,111559.0,111955.0,112313.0,112712.0,113062.0,113436.0,113702.0,114081.0,114383.0,114775.0,115092.0,115592.0,116245.0,117038.0,117873.0,118586.0,119139.0,119490.0,119848.0,120197.0,120462.0,120667.0,120854.0,121069.0,121302.0,121551.0,121867.0,122189.0,122488.0,122758.0,123022.0,123317.0,123555.0,123800.0,124024.0,124279.0,124352.0,124352.0,124319.0,124439.0,124554.0,124682.0,124787.0,124989.0,125240.0,125279.0,125124.0,124865.0,124744.0,124620.0,124502.0,124408.0,124379.0,124261.0,124149.0,124019.0,123818.0,123552.0,123350.0,123261.0,123212.0,123090.0,123013.0,122897.0,122787.0,122660.0,122576.0,122513.0,122526.0,122606.0,122868.0,123080.0,123213.0,123115.0,122918.0,122641.0,122305.0,121893.0,121510.0,121117.0,120838.0,120512.0,120181.0,119841.0,119534.0,119304.0,119158.0,119075.0,119059.0,119038.0,119091.0,119165.0,119146.0,119132.0,119152.0,119284.0,119482.0,119677.0,119916.0,120059.0,120266.0,120585.0,120948.0,121324.0,121782.0,122304.0,122653.0,122843.0,123024.0,123310.0,123530.0,123677.0,123798.0,123904.0,123982.0,124166.0,124432.0,124851.0,125423.0,126089.0,126679.0,127060.0,127300.0,127382.0,127469.0,127521.0,127622.0,127729.0,128030.0,128374.0,128854.0,129310.0,129858.0,130330.0,130785.0,131176.0,131505.0,131808.0,132184.0,132567.0,132924.0,133331.0,133828.0,134328.0,134802.0,135232.0,135674.0,136052.0,136328.0,136603.0,136945.0,137448.0,138067.0,138695.0,139326.0,139945.0,140493.0,140995.0,141422.0,141880.0,142312.0,142713.0,143182.0,143765.0,144201.0,144593.0,144926.0,145471.0,146015.0,146358.0,146699.0,147065.0,147552.0,148007.0,148403.0,148877.0,149421.0,150089.0,150628.0,151018.0,151243.0,151639.0,152048.0,152522.0,152857.0,153228.0,153562.0,153958.0,154356.0,154610.0,154805.0,154916.0,155161.0,155510.0,156079.0,156476.0,156926.0,157386.0,158297.0,159113.0,160040.0,161302.0,162583.0,163873.0,164787.0,165939.0,167226.0,168487.0,171251.0
34,30,Mississippi,State,MS,83893.0,83905.0,83950.0,84107.0,84525.0,84999.0,85379.0,85705.0,86000.0,86415.0,86854.0,87482.0,88065.0,88379.0,88596.0,88804.0,89195.0,89531.0,89786.0,90081.0,90343.0,90769.0,91003.0,91193.0,91302.0,91370.0,91463.0,91432.0,91613.0,91814.0,92177.0,92410.0,92738.0,93073.0,93369.0,93592.0,93710.0,93883.0,94142.0,94476.0,94759.0,94969.0,95018.0,95247.0,95469.0,95849.0,96032.0,96172.0,96349.0,96611.0,96955.0,97246.0,97530.0,97764.0,98075.0,98463.0,99005.0,99570.0,99983.0,100244.0,100414.0,100794.0,101283.0,101884.0,102385.0,103067.0,103628.0,104432.0,105209.0,106229.0,106969.0,107396.0,107758.0,108359.0,109279.0,110349.0,111044.0,111803.0,112261.0,113164.0,114022.0,115077.0,115813.0,116358.0,116788.0,117068.0,117254.0,117463.0,117934.0,118251.0,118375.0,118500.0,118704.0,118947.0,119020.0,118842.0,118807.0,118630.0,118559.0,118147.0,117512.0,116887.0,116241.0,115789.0,115297.0,114953.0,114742.0,114589.0,114262.0,113930.0,113688.0,113545.0,113329.0,113023.0,112782.0,112431.0,112059.0,111623.0,111308.0,111064.0,110952.0,110910.0,110824.0,110673.0,110463.0,110264.0,109928.0,109515.0,109003.0,108492.0,108119.0,108018.0,108030.0,107972.0,107835.0,107632.0,107531.0,107351.0,107414.0,107335.0,107248.0,106929.0,106757.0,106652.0,106582.0,106491.0,106362.0,106323.0,106329.0,106334.0,106379.0,106327.0,106114.0,105827.0,105657.0,105663.0,105692.0,105702.0,105781.0,105756.0,105705.0,105536.0,105420.0,105275.0,105179.0,105059.0,104970.0,105043.0,105117.0,105287.0,105394.0,105632.0,105884.0,106109.0,106416.0,106740.0,107088.0,107455.0,107872.0,108382.0,108901.0,109397.0,109790.0,110185.0,110521.0,110941.0,111304.0,111621.0,111839.0,112005.0,112110.0,112207.0,112316.0,112463.0,112643.0,112864.0,113117.0,113438.0,113758.0,114135.0,114487.0,114736.0,114966.0,115205.0,115516.0,115774.0,116013.0,116330.0,116658.0,116969.0,117228.0,117491.0,117852.0,118235.0,118673.0,118990.0,119309.0,119662.0,119989.0,120309.0,120637.0,121080.0,121532.0,121891.0,122319.0,122753.0,123236.0,123656.0,124003.0,124462.0,124916.0,125484.0,125919.0,126370.0,126725.0,127045.0,127320.0,127690.0,128150.0,128648.0,129086.0,129455.0,129734.0,129846.0,130099.0,130366.0,130861.0,131121.0,131561.0,132254.0,133244.0,134364.0,135272.0,136467.0,137547.0,138805.0,139860.0,141087.0,142524.0,143997.0,146087.0
6,31,Arkansas,State,AR,79732.0,79902.0,80052.0,80355.0,80577.0,80768.0,80941.0,81179.0,81464.0,81756.0,82206.0,82710.0,83327.0,83626.0,83869.0,83981.0,84295.0,84599.0,84950.0,85202.0,85426.0,85547.0,85656.0,85733.0,85863.0,86048.0,86247.0,86445.0,86685.0,86962.0,87280.0,87528.0,87814.0,88161.0,88532.0,88885.0,89110.0,89390.0,89647.0,89966.0,90327.0,90690.0,91096.0,91437.0,91838.0,92211.0,92584.0,92925.0,93302.0,93776.0,94294.0,94836.0,95287.0,95743.0,96172.0,96651.0,97146.0,97641.0,98133.0,98610.0,99244.0,99957.0,100720.0,101420.0,102080.0,102746.0,103442.0,104048.0,104696.0,105338.0,106111.0,106787.0,107357.0,107884.0,108422.0,108981.0,109497.0,110000.0,110468.0,110903.0,111337.0,111618.0,111878.0,112078.0,112284.0,112470.0,112594.0,112765.0,112807.0,112877.0,112915.0,113094.0,113169.0,113242.0,113186.0,113172.0,113107.0,113121.0,113142.0,113186.0,113095.0,112892.0,112682.0,112384.0,112123.0,111788.0,111510.0,111161.0,110790.0,110329.0,109862.0,109406.0,109086.0,108868.0,108619.0,108280.0,107887.0,107544.0,107412.0,107385.0,107522.0,107607.0,107727.0,107786.0,107867.0,107827.0,107587.0,107331.0,106883.0,106471.0,105924.0,105452.0,105051.0,104777.0,104616.0,104415.0,104113.0,103887.0,103765.0,103753.0,103760.0,103807.0,103800.0,103743.0,103717.0,103765.0,103969.0,104276.0,104694.0,105032.0,105236.0,105406.0,105639.0,105853.0,106078.0,106306.0,106632.0,106911.0,107079.0,107172.0,107238.0,107343.0,107464.0,107620.0,107759.0,107891.0,107927.0,107877.0,107913.0,108092.0,108412.0,108700.0,108921.0,109055.0,109095.0,109176.0,109344.0,109613.0,109906.0,110175.0,110437.0,110662.0,110848.0,111041.0,111152.0,111357.0,111599.0,111911.0,112197.0,112450.0,112769.0,113059.0,113368.0,113698.0,114085.0,114460.0,114848.0,115229.0,115586.0,115873.0,116166.0,116493.0,116860.0,117264.0,117666.0,118066.0,118503.0,118892.0,119296.0,119636.0,120162.0,120681.0,121177.0,121578.0,122002.0,122521.0,122995.0,123550.0,124029.0,124589.0,125028.0,125423.0,125776.0,126093.0,126506.0,126921.0,127420.0,127981.0,128476.0,128940.0,129295.0,129725.0,130142.0,130590.0,130967.0,131416.0,131857.0,132361.0,132631.0,132920.0,133148.0,133608.0,134100.0,134685.0,135076.0,135561.0,136080.0,136833.0,137611.0,138532.0,139713.0,140888.0,142050.0,143265.0,144720.0,146166.0,147885.0,149575.0,151685.0,153498.0,156347.0
23,32,Kansas,State,KS,93004.0,93065.0,93229.0,93434.0,93696.0,93945.0,94286.0,94644.0,94970.0,95336.0,95762.0,96271.0,96928.0,97675.0,98422.0,98995.0,99515.0,100006.0,100482.0,100925.0,101324.0,101752.0,102178.0,102641.0,103079.0,103439.0,103768.0,104062.0,103909.0,103740.0,103564.0,103545.0,103576.0,103610.0,104427.0,105105.0,105812.0,106040.0,105905.0,105382.0,105134.0,105256.0,105962.0,106527.0,107195.0,107694.0,107975.0,108287.0,108485.0,108784.0,109217.0,109914.0,110478.0,110886.0,111069.0,111415.0,112678.0,114012.0,115301.0,115733.0,116300.0,116799.0,117239.0,117504.0,117903.0,117768.0,117774.0,117768.0,118382.0,118635.0,118700.0,118954.0,119361.0,119909.0,120193.0,120536.0,120777.0,121017.0,121300.0,121746.0,122131.0,122566.0,122918.0,123334.0,123631.0,123876.0,124141.0,124520.0,124933.0,125230.0,125468.0,125791.0,126099.0,126371.0,126423.0,126382.0,126306.0,126260.0,126335.0,126403.0,126570.0,126667.0,126634.0,126664.0,126636.0,126663.0,126378.0,126090.0,125640.0,125480.0,125410.0,125647.0,125783.0,125945.0,125995.0,126012.0,125967.0,125996.0,126028.0,125986.0,125898.0,125710.0,125808.0,125905.0,126112.0,126133.0,125894.0,125355.0,124693.0,124225.0,123816.0,123402.0,122980.0,122661.0,122243.0,121761.0,121490.0,121297.0,121121.0,120806.0,120462.0,120057.0,119757.0,119484.0,119410.0,119421.0,119625.0,119841.0,120032.0,120318.0,120548.0,120686.0,120560.0,120503.0,120617.0,120811.0,120852.0,120750.0,120970.0,121334.0,121785.0,121998.0,122180.0,122251.0,122358.0,122511.0,122743.0,123008.0,123193.0,123354.0,123307.0,123382.0,123486.0,123804.0,124168.0,124512.0,124833.0,125085.0,125416.0,125728.0,126098.0,126416.0,126860.0,127371.0,127938.0,128542.0,129026.0,129438.0,129723.0,130094.0,130469.0,130866.0,131223.0,131692.0,132112.0,132529.0,132957.0,133399.0,133856.0,134280.0,134741.0,135210.0,135737.0,136330.0,136944.0,137560.0,138195.0,138865.0,139318.0,139638.0,139949.0,140422.0,141048.0,141736.0,142562.0,143446.0,144287.0,144984.0,145524.0,146039.0,146590.0,147124.0,147491.0,147867.0,148349.0,148938.0,149676.0,150380.0,151075.0,151593.0,152050.0,152470.0,152837.0,153263.0,153745.0,154271.0,154786.0,155333.0,155742.0,156276.0,156817.0,157447.0,158011.0,158615.0,159201.0,159722.0,160346.0,161267.0,162416.0,163916.0,165786.0,167713.0,169457.0,171076.0,172598.0,174060.0,175675.0,177619.0,179632.0,181413.0,184486.0
55,33,Utah,State,UT,179886.0,180035.0,180243.0,180731.0,182601.0,184206.0,185739.0,185934.0,186425.0,186852.0,187484.0,188057.0,188626.0,188908.0,189094.0,189285.0,189380.0,189591.0,189723.0,190034.0,190273.0,190563.0,190740.0,190806.0,190855.0,190788.0,190953.0,191124.0,191256.0,191357.0,191455.0,191419.0,191198.0,190715.0,190505.0,190276.0,190176.0,190242.0,190220.0,190443.0,190646.0,191060.0,191280.0,191369.0,191432.0,191556.0,191783.0,192023.0,192264.0,192671.0,193082.0,193534.0,193698.0,193940.0,194154.0,194381.0,194528.0,194623.0,194653.0,194609.0,194592.0,194980.0,195530.0,196353.0,197018.0,197822.0,198750.0,199836.0,201020.0,202246.0,203690.0,205166.0,206490.0,207996.0,209701.0,211925.0,214252.0,217381.0,221226.0,225299.0,229102.0,232357.0,235387.0,238021.0,240773.0,243429.0,246187.0,248684.0,251253.0,254325.0,257394.0,260363.0,262294.0,263750.0,265016.0,266285.0,266906.0,266628.0,265350.0,263499.0,261428.0,259246.0,257153.0,254771.0,252878.0,250983.0,249254.0,247115.0,244356.0,241814.0,239250.0,237484.0,235448.0,233606.0,231910.0,230304.0,228726.0,227296.0,226401.0,225692.0,224834.0,224028.0,223346.0,223080.0,222667.0,221639.0,219933.0,217768.0,216174.0,214633.0,212826.0,210518.0,208518.0,206698.0,205587.0,204377.0,203547.0,202462.0,201759.0,201489.0,200707.0,199957.0,199128.0,199200.0,199181.0,199514.0,199889.0,200862.0,202250.0,203594.0,204602.0,205496.0,206902.0,208685.0,210530.0,212436.0,214304.0,216305.0,218536.0,221288.0,223762.0,226630.0,229209.0,231760.0,233788.0,235465.0,236757.0,237333.0,238066.0,238736.0,239938.0,240354.0,240824.0,241028.0,241112.0,241332.0,241321.0,241966.0,242781.0,243523.0,244487.0,245397.0,247037.0,248840.0,250586.0,252071.0,253789.0,255897.0,258100.0,259881.0,261228.0,262579.0,264219.0,265902.0,267470.0,268867.0,270777.0,272711.0,274877.0,276350.0,278102.0,279620.0,281738.0,283897.0,285998.0,287974.0,290256.0,292696.0,295052.0,297354.0,299699.0,302207.0,304087.0,305823.0,307675.0,310165.0,312648.0,315589.0,318350.0,321236.0,323691.0,325782.0,328330.0,330675.0,333281.0,335762.0,338462.0,341175.0,344247.0,346959.0,349163.0,350212.0,350817.0,351699.0,352914.0,354537.0,356159.0,357137.0,358261.0,359444.0,362238.0,364788.0,367656.0,369709.0,372128.0,374191.0,377184.0,381262.0,386163.0,391804.0,397356.0,404613.0,410774.0,418849.0,426216.0,436017.0,448179.0,463107.0,477868.0,489870.0,498273.0
42,34,Nevada,State,NV,165144.0,165192.0,165512.0,166191.0,166913.0,167566.0,168079.0,168745.0,169463.0,170173.0,170891.0,171573.0,172272.0,173079.0,173933.0,174799.0,175698.0,176616.0,177675.0,178839.0,179950.0,181008.0,181862.0,182836.0,183635.0,184362.0,185218.0,186257.0,187383.0,188275.0,189162.0,190090.0,190878.0,191911.0,193068.0,194387.0,195599.0,196840.0,198227.0,199676.0,201399.0,203107.0,205202.0,207405.0,210010.0,212671.0,215849.0,219017.0,222670.0,226339.0,232107.0,237848.0,245416.0,253226.0,264392.0,273793.0,284964.0,292248.0,299375.0,303365.0,306940.0,313071.0,319297.0,328103.0,333036.0,337211.0,339489.0,343369.0,346238.0,348132.0,348987.0,349276.0,349812.0,349875.0,352271.0,355081.0,357965.0,358747.0,358871.0,358345.0,357403.0,355631.0,353318.0,351977.0,350320.0,349451.0,348083.0,346120.0,343702.0,340463.0,336769.0,332895.0,328422.0,324226.0,317584.0,310871.0,302103.0,293098.0,284081.0,277049.0,271361.0,264449.0,256994.0,249231.0,241478.0,234303.0,226144.0,219623.0,212592.0,207748.0,202450.0,197232.0,190696.0,184158.0,177864.0,173298.0,169760.0,167611.0,165843.0,163885.0,163034.0,162152.0,161385.0,159949.0,158651.0,158270.0,157633.0,156759.0,155250.0,154002.0,153402.0,152617.0,151015.0,148947.0,146806.0,144779.0,143510.0,141811.0,140779.0,138886.0,138051.0,137279.0,136788.0,136205.0,136046.0,135767.0,135433.0,135220.0,135610.0,137018.0,138497.0,140539.0,142374.0,144303.0,146412.0,148697.0,151534.0,154668.0,158533.0,161821.0,165817.0,170224.0,175406.0,179744.0,183671.0,187137.0,190344.0,192563.0,194535.0,196444.0,197901.0,198852.0,199349.0,200024.0,201231.0,202001.0,202054.0,202878.0,203782.0,205907.0,207195.0,208802.0,209892.0,211359.0,213431.0,215287.0,216318.0,217363.0,218906.0,220035.0,220714.0,221566.0,223183.0,224894.0,225919.0,227648.0,229178.0,231428.0,233115.0,234466.0,235729.0,235921.0,236801.0,235768.0,236035.0,236575.0,239430.0,241944.0,244486.0,247481.0,250986.0,253760.0,257032.0,260610.0,264755.0,268550.0,271225.0,274598.0,276776.0,279955.0,282614.0,286555.0,289989.0,293694.0,296130.0,297789.0,298735.0,300513.0,302304.0,304167.0,304763.0,305826.0,306282.0,306279.0,305014.0,303630.0,302624.0,303038.0,304515.0,305956.0,307516.0,308895.0,311342.0,313707.0,314000.0,312434.0,312003.0,314402.0,318764.0,322533.0,326277.0,330328.0,334367.0,338460.0,342754.0,348056.0,357033.0,368476.0,379841.0,389250.0,397226.0
41,35,New Mexico,State,NM,"","","","","","","","","","","","","","","","","","","","","","","","","","","",136283.0,136541.0,136602.0,136955.0,137306.0,137730.0,138068.0,138404.0,138714.0,139074.0,139340.0,139568.0,139733.0,139973.0,140415.0,140957.0,141532.0,141952.0,142444.0,143036.0,143890.0,144576.0,145383.0,145922.0,146515.0,147207.0,148211.0,149322.0,150190.0,150773.0,151347.0,151902.0,152557.0,153189.0,153833.0,154728.0,155667.0,156690.0,157783.0,159271.0,160996.0,163011.0,164892.0,166787.0,168635.0,170407.0,172217.0,173979.0,176272.0,178413.0,180670.0,182432.0,184373.0,186182.0,187964.0,189421.0,190507.0,191271.0,191923.0,192361.0,193304.0,194141.0,195513.0,196344.0,197070.0,197091.0,197079.0,197015.0,197105.0,196980.0,196738.0,196301.0,195735.0,195083.0,194221.0,193224.0,192118.0,191162.0,189955.0,188837.0,187957.0,187391.0,186672.0,185200.0,184107.0,183087.0,183325.0,182848.0,182603.0,181596.0,181598.0,181171.0,180805.0,180598.0,180653.0,181001.0,180455.0,179965.0,178750.0,177622.0,176464.0,175412.0,173679.0,171903.0,170386.0,170205.0,170152.0,170213.0,169395.0,168310.0,167048.0,166385.0,165906.0,165600.0,165191.0,164760.0,164337.0,164027.0,163783.0,163500.0,163263.0,163388.0,163455.0,163586.0,163506.0,163851.0,163879.0,164095.0,163719.0,163473.0,163230.0,163684.0,164254.0,165059.0,165741.0,166283.0,167086.0,167184.0,167636.0,167731.0,168924.0,169844.0,170576.0,170726.0,170811.0,170878.0,170488.0,170157.0,169550.0,169529.0,169481.0,170079.0,170434.0,170468.0,170323.0,170372.0,170990.0,171450.0,171858.0,172248.0,172744.0,172960.0,172797.0,172299.0,172186.0,172359.0,172896.0,173798.0,174670.0,175568.0,176104.0,176587.0,176529.0,176661.0,177246.0,178351.0,179314.0,179489.0,179598.0,179604.0,180280.0,180945.0,181641.0,182232.0,182782.0,183311.0,183475.0,183875.0,184140.0,184480.0,185042.0,186121.0,187454.0,188527.0,189254.0,189462.0,189835.0,190303.0,191578.0,192739.0,194071.0,195143.0,195911.0,196556.0,197283.0,198289.0,199382.0,200436.0,201390.0,202346.0,202889.0,203532.0,204286.0,205375.0,206484.0,207850.0,209247.0,210685.0,211647.0,212976.0,214564.0,216715.0,219015.0,221948.0,224689.0,227748.0,230843.0,234138.0,237108.0,240543.0,244549.0,249121.0,252728.0,256413.0
61,36,West Virginia,State,WV,66667.0,66723.0,66792.0,66917.0,67039.0,67212.0,67422.0,67722.0,67948.0,68258.0,68712.0,69313.0,70013.0,70332.0,70623.0,70736.0,71063.0,71311.0,71548.0,71767.0,71940.0,72163.0,72264.0,72354.0,72424.0,72666.0,72985.0,73232.0,73398.0,73545.0,73748.0,73996.0,74229.0,74581.0,74761.0,74913.0,74969.0,75303.0,75682.0,76090.0,76428.0,76760.0,77103.0,77307.0,77497.0,77621.0,77896.0,78231.0,78682.0,79186.0,79796.0,80290.0,80719.0,81115.0,81689.0,82280.0,82849.0,83372.0,83913.0,84442.0,85040.0,85686.0,86178.0,86640.0,87217.0,87974.0,88756.0,89084.0,89396.0,89627.0,90140.0,90628.0,91146.0,91241.0,91218.0,91046.0,91391.0,91770.0,92096.0,92335.0,92647.0,93110.0,93305.0,93401.0,93343.0,93479.0,93682.0,93925.0,94116.0,94270.0,94378.0,94512.0,94574.0,94647.0,94659.0,94754.0,94886.0,95066.0,95174.0,95271.0,95373.0,95555.0,95768.0,95902.0,95075.0,94120.0,93185.0,93088.0,93353.0,93526.0,93700.0,93521.0,93315.0,93109.0,92869.0,92711.0,91830.0,90973.0,90025.0,89810.0,89770.0,89874.0,90173.0,90471.0,90735.0,90988.0,91159.0,91399.0,91023.0,90536.0,89940.0,89786.0,89652.0,89524.0,89287.0,89136.0,89023.0,89115.0,89145.0,89235.0,89120.0,89030.0,88947.0,88986.0,88982.0,89018.0,89117.0,89242.0,89245.0,89257.0,89319.0,89449.0,89528.0,89585.0,89649.0,89708.0,89767.0,89898.0,90158.0,90447.0,90643.0,90773.0,90948.0,91176.0,91521.0,91867.0,92228.0,92462.0,92521.0,92508.0,92549.0,92730.0,92901.0,92987.0,93062.0,93194.0,93502.0,93838.0,94171.0,94386.0,94449.0,94577.0,94726.0,95025.0,95267.0,95446.0,95599.0,95733.0,96061.0,96358.0,96668.0,96822.0,97016.0,97176.0,97377.0,97578.0,97788.0,97890.0,97968.0,98033.0,98219.0,98403.0,98556.0,98639.0,98617.0,98673.0,98735.0,98961.0,99189.0,99424.0,99672.0,99978.0,100476.0,101048.0,101645.0,102052.0,102413.0,102747.0,103038.0,103268.0,103394.0,103455.0,103469.0,103464.0,103690.0,103896.0,104204.0,104469.0,104855.0,105260.0,105657.0,106047.0,106416.0,106729.0,107027.0,107321.0,107673.0,107994.0,107954.0,107907.0,107925.0,108102.0,108241.0,108424.0,108787.0,109102.0,109390.0,109595.0,109963.0,110452.0,111429.0,112299.0,113034.0,113617.0,114273.0,115018.0,115813.0,116682.0,117683.0,118534.0,119694.0
38,37,Nebraska,State,NE,116247.0,116554.0,116784.0,117165.0,117287.0,117343.0,117373.0,117593.0,117834.0,118087.0,118411.0,118747.0,119333.0,119637.0,115977.0,112088.0,108426.0,108719.0,109058.0,109314.0,109585.0,109823.0,110070.0,110359.0,110719.0,111062.0,111392.0,111627.0,112003.0,112305.0,112646.0,112912.0,113242.0,113618.0,113969.0,114382.0,114827.0,115291.0,115728.0,116088.0,116579.0,116994.0,117549.0,117986.0,118550.0,119023.0,119530.0,120026.0,120547.0,121111.0,121640.0,122132.0,122698.0,123242.0,123873.0,124344.0,124647.0,124864.0,125109.0,125570.0,126053.0,126503.0,126975.0,127408.0,127933.0,128327.0,128787.0,129115.0,129502.0,129820.0,130180.0,130434.0,130765.0,131107.0,131511.0,131883.0,132251.0,132543.0,132776.0,132815.0,132953.0,133131.0,133426.0,133605.0,133750.0,133827.0,133909.0,133957.0,133945.0,133570.0,133463.0,133395.0,133501.0,133055.0,132707.0,132354.0,131973.0,131374.0,130872.0,130616.0,130449.0,130326.0,130174.0,129956.0,129556.0,129021.0,128429.0,127836.0,127345.0,127127.0,127434.0,127680.0,128062.0,128180.0,128319.0,128393.0,128668.0,129071.0,129367.0,129800.0,130286.0,130703.0,130744.0,131225.0,131467.0,131469.0,130566.0,129573.0,128577.0,127756.0,126994.0,126534.0,126366.0,126340.0,126263.0,125785.0,125578.0,125417.0,125499.0,125551.0,125456.0,125505.0,125503.0,125393.0,124983.0,124511.0,124543.0,124919.0,125459.0,125846.0,126240.0,126487.0,126890.0,127008.0,127427.0,127850.0,128900.0,129927.0,130620.0,130989.0,131142.0,131539.0,131820.0,132109.0,132235.0,132426.0,132575.0,132752.0,132682.0,132957.0,133559.0,134658.0,135437.0,135968.0,136288.0,136545.0,136681.0,136795.0,136936.0,137313.0,137762.0,138557.0,139399.0,140299.0,141086.0,141835.0,142451.0,143067.0,143547.0,144126.0,144707.0,145085.0,145417.0,145618.0,145929.0,146290.0,146833.0,147571.0,148401.0,149257.0,150107.0,150988.0,151740.0,152456.0,153076.0,153992.0,155136.0,156407.0,157363.0,158203.0,158973.0,159778.0,160619.0,161621.0,162689.0,163699.0,164505.0,165324.0,166012.0,166838.0,167750.0,168794.0,169671.0,170527.0,171329.0,172176.0,172985.0,173813.0,174593.0,175208.0,175826.0,176465.0,177124.0,177815.0,178590.0,179451.0,180257.0,181055.0,181640.0,182146.0,182790.0,183601.0,184440.0,184934.0,185159.0,185547.0,186250.0,187419.0,188811.0,190725.0,192770.0,194654.0,196294.0,198270.0,200357.0,202392.0,204639.0,206980.0,209239.0,210866.0,213607.0
20,38,Idaho,State,ID,126055.0,126009.0,126121.0,126294.0,126706.0,127107.0,127454.0,127805.0,128072.0,128367.0,128588.0,128843.0,129338.0,129803.0,130485.0,131053.0,131574.0,131881.0,132249.0,132733.0,133245.0,133710.0,133942.0,134212.0,134366.0,134706.0,134923.0,135176.0,135422.0,135801.0,136127.0,136410.0,136696.0,137011.0,137262.0,137390.0,137518.0,137780.0,137865.0,138371.0,138857.0,139470.0,139787.0,140100.0,140505.0,140813.0,140989.0,141289.0,141648.0,142226.0,142845.0,143556.0,144303.0,145169.0,146088.0,146911.0,147602.0,148200.0,148894.0,149617.0,150531.0,151616.0,152994.0,154306.0,155911.0,157975.0,160459.0,163536.0,166525.0,172538.0,177686.0,181717.0,182989.0,184477.0,186501.0,189500.0,192410.0,196242.0,198445.0,200594.0,202388.0,201533.0,201882.0,201802.0,203730.0,203599.0,203383.0,203660.0,204340.0,204762.0,205146.0,205513.0,205804.0,205976.0,206199.0,206683.0,207140.0,207991.0,207941.0,207576.0,205805.0,204290.0,202767.0,201356.0,199802.0,198083.0,196338.0,194438.0,192367.0,189972.0,187561.0,185158.0,182951.0,181117.0,179266.0,177474.0,175505.0,173894.0,172618.0,172028.0,170935.0,170179.0,168976.0,168381.0,167702.0,166141.0,164179.0,162276.0,160323.0,158419.0,156377.0,154592.0,152981.0,151348.0,150238.0,148668.0,147402.0,146554.0,146479.0,146353.0,146123.0,146041.0,146030.0,146050.0,145983.0,146368.0,147156.0,148610.0,150083.0,151417.0,152857.0,154798.0,156616.0,158286.0,159297.0,160711.0,162435.0,164117.0,166384.0,168064.0,170153.0,171644.0,173303.0,174529.0,175419.0,176265.0,177013.0,177616.0,177983.0,178865.0,179886.0,180943.0,181632.0,182175.0,182265.0,182032.0,181892.0,181950.0,182227.0,182843.0,183700.0,184959.0,186027.0,187401.0,188571.0,189867.0,190722.0,191745.0,192599.0,193498.0,194356.0,195536.0,197343.0,198953.0,200480.0,201453.0,202926.0,204308.0,205722.0,206881.0,208492.0,210149.0,211802.0,213210.0,214098.0,215345.0,216437.0,218483.0,220195.0,222145.0,223915.0,225692.0,227776.0,229642.0,231929.0,233916.0,236310.0,238718.0,241190.0,243664.0,246477.0,249824.0,253149.0,255842.0,258365.0,261047.0,264236.0,267111.0,270049.0,272497.0,275115.0,277059.0,278727.0,279911.0,281295.0,283385.0,285867.0,288493.0,290713.0,292996.0,295387.0,298474.0,301299.0,304074.0,305891.0,308116.0,310266.0,313909.0,318508.0,324887.0,332833.0,341755.0,351181.0,360910.0,370627.0,380354.0,390568.0,403128.0,416297.0,427038.0,436922.0
18,39,Hawaii,State,HI,222086.0,221966.0,222459.0,223148.0,224500.0,225836.0,227100.0,228669.0,230155.0,231778.0,232602.0,233487.0,234245.0,235042.0,235709.0,236537.0,237797.0,239118.0,240557.0,241900.0,243496.0,245105.0,246462.0,247684.0,248479.0,249797.0,251219.0,253050.0,254429.0,256100.0,258227.0,261044.0,264405.0,267486.0,270203.0,272224.0,274678.0,277758.0,281468.0,284982.0,288770.0,292710.0,296609.0,300603.0,304460.0,309845.0,315336.0,319872.0,324096.0,329177.0,334784.0,341129.0,347181.0,355393.0,364027.0,372482.0,379026.0,385412.0,391479.0,398812.0,404173.0,411135.0,418212.0,427958.0,437548.0,448075.0,458760.0,469222.0,478866.0,486512.0,493732.0,501215.0,509645.0,518263.0,524467.0,530828.0,533901.0,537111.0,539358.0,541582.0,544039.0,544343.0,545647.0,545506.0,546064.0,545947.0,546701.0,547231.0,547344.0,547216.0,545854.0,545243.0,543926.0,543787.0,543266.0,543029.0,542150.0,540938.0,541127.0,541503.0,543645.0,543748.0,538918.0,531804.0,524355.0,520957.0,517420.0,514054.0,511156.0,506745.0,502986.0,498774.0,494461.0,488909.0,483909.0,480511.0,475616.0,470217.0,465766.0,465921.0,468044.0,472602.0,474463.0,477310.0,477536.0,480493.0,481722.0,483135.0,483399.0,483755.0,485746.0,486416.0,487324.0,486732.0,486736.0,484279.0,482009.0,479064.0,477183.0,474799.0,472732.0,471845.0,470090.0,470581.0,471046.0,472255.0,474155.0,475306.0,476802.0,474700.0,474436.0,474039.0,477154.0,479923.0,484409.0,487762.0,490343.0,491763.0,493504.0,496316.0,496346.0,495621.0,495541.0,501264.0,507886.0,514505.0,519881.0,525984.0,529463.0,532139.0,533250.0,535190.0,537443.0,541134.0,544720.0,548107.0,549980.0,551010.0,552535.0,553787.0,555548.0,556039.0,557279.0,558171.0,560568.0,562020.0,564556.0,565164.0,566585.0,568351.0,570265.0,570881.0,571924.0,573598.0,575387.0,576401.0,578321.0,581415.0,585475.0,590006.0,595180.0,599206.0,601639.0,603310.0,605122.0,606870.0,609101.0,611101.0,615886.0,619877.0,623705.0,624347.0,626664.0,629719.0,633074.0,634730.0,636632.0,639140.0,642123.0,643666.0,644958.0,646391.0,648705.0,651372.0,652847.0,653740.0,653159.0,652594.0,653367.0,655305.0,657634.0,657735.0,657826.0,658473.0,659875.0,660463.0,659856.0,659456.0,657693.0,655896.0,655503.0,656596.0,658136.0,660113.0,662678.0,665558.0,666079.0,666177.0,667243.0,670387.0,674437.0,678833.0,684589.0,691359.0,699716.0,707894.0,719348.0,732319.0,748139.0,762722.0,777762.0
28,40,Maine,State,ME,115085.0,115677.0,116118.0,117091.0,117845.0,118674.0,119503.0,120332.0,121198.0,121991.0,123078.0,124252.0,125751.0,127048.0,128288.0,129231.0,130490.0,131798.0,133245.0,134312.0,135380.0,136320.0,137610.0,138782.0,140199.0,141624.0,143174.0,144789.0,146220.0,147727.0,149184.0,150496.0,151761.0,152896.0,154177.0,155493.0,156943.0,158302.0,159519.0,160516.0,162017.0,163580.0,165441.0,167334.0,169443.0,171625.0,173203.0,174793.0,176400.0,178505.0,180631.0,182598.0,185143.0,187900.0,190876.0,192414.0,193700.0,194743.0,196825.0,198867.0,201864.0,204461.0,206882.0,208149.0,209390.0,210429.0,211633.0,212725.0,213970.0,215004.0,215872.0,216690.0,217562.0,217910.0,218101.0,217782.0,217818.0,217569.0,217313.0,217376.0,217778.0,218471.0,218743.0,218917.0,219070.0,218944.0,218597.0,218165.0,217675.0,216820.0,215518.0,215497.0,215805.0,216590.0,216271.0,216382.0,216426.0,216504.0,216322.0,215391.0,214081.0,212171.0,210729.0,209270.0,208301.0,207358.0,206671.0,205451.0,204078.0,202929.0,201704.0,200700.0,198493.0,196872.0,195130.0,194590.0,193907.0,193226.0,192423.0,192061.0,191785.0,191796.0,192368.0,193551.0,194462.0,193993.0,192763.0,191550.0,190795.0,189919.0,188927.0,187730.0,187694.0,188139.0,188791.0,188533.0,188113.0,187884.0,187848.0,187615.0,187146.0,186567.0,185999.0,185384.0,184691.0,183821.0,183227.0,183218.0,183545.0,184247.0,184856.0,185259.0,185239.0,185215.0,185763.0,186373.0,186793.0,186985.0,187251.0,187484.0,187819.0,188363.0,188717.0,189105.0,188991.0,188957.0,188563.0,188235.0,187831.0,187579.0,187493.0,188273.0,189408.0,190474.0,191009.0,190921.0,190766.0,190492.0,190241.0,190044.0,189697.0,190185.0,191172.0,192299.0,193246.0,194030.0,195082.0,195962.0,196271.0,196294.0,196367.0,197356.0,198305.0,199059.0,199411.0,200646.0,201755.0,202894.0,203362.0,204171.0,205249.0,206246.0,207429.0,208239.0,209080.0,209825.0,210559.0,211869.0,213357.0,215143.0,216875.0,218047.0,218911.0,219490.0,220203.0,220848.0,221859.0,223317.0,224856.0,225820.0,226651.0,227815.0,229254.0,230636.0,231746.0,232586.0,233438.0,234280.0,234308.0,234396.0,234392.0,235363.0,236248.0,237439.0,238457.0,239469.0,240751.0,242264.0,244010.0,245366.0,247007.0,248677.0,250802.0,252765.0,254093.0,254752.0,255677.0,257971.0,261306.0,265331.0,269356.0,273396.0,277127.0,280599.0,284746.0,289817.0,296443.0,303668.0,311031.0,316659.0,321394.0
39,41,New Hampshire,State,NH,141655.0,142356.0,143087.0,144078.0,145109.0,146118.0,147603.0,149248.0,150966.0,153031.0,154888.0,156837.0,158543.0,160554.0,162365.0,164297.0,166449.0,168678.0,170811.0,172660.0,174610.0,176461.0,178269.0,180101.0,181954.0,183752.0,185309.0,187084.0,188663.0,190506.0,192255.0,194385.0,196590.0,199071.0,201334.0,203644.0,205827.0,208125.0,210501.0,212606.0,214937.0,217041.0,219151.0,221071.0,223343.0,225754.0,227737.0,229337.0,230988.0,232852.0,234829.0,237002.0,239441.0,241945.0,243941.0,245908.0,247724.0,249643.0,251659.0,253766.0,255872.0,257797.0,259860.0,262337.0,264522.0,266285.0,267628.0,269108.0,270670.0,272180.0,273504.0,274756.0,275779.0,275724.0,275539.0,275879.0,276523.0,276887.0,276365.0,276066.0,275532.0,274570.0,273515.0,272292.0,271339.0,270185.0,269765.0,269039.0,268627.0,267740.0,267101.0,266579.0,265986.0,265259.0,264063.0,262659.0,261109.0,259972.0,258575.0,257583.0,255260.0,252976.0,250589.0,248649.0,246772.0,244538.0,243060.0,241296.0,240465.0,239318.0,238399.0,236408.0,234559.0,233215.0,232193.0,231248.0,230101.0,229173.0,228703.0,228538.0,228626.0,228338.0,227793.0,227090.0,226658.0,226318.0,226299.0,226363.0,226640.0,226197.0,225181.0,224052.0,223220.0,223197.0,222743.0,222237.0,221040.0,220065.0,218699.0,217823.0,216958.0,216597.0,215848.0,215117.0,214225.0,213642.0,212904.0,212521.0,212867.0,213649.0,214764.0,215049.0,215098.0,215130.0,215351.0,215831.0,215893.0,216464.0,217569.0,219150.0,220591.0,221828.0,222903.0,223826.0,224605.0,225455.0,226168.0,227020.0,227397.0,227936.0,228271.0,229163.0,230032.0,230969.0,231566.0,231831.0,231885.0,232175.0,232771.0,233379.0,233936.0,234399.0,235278.0,236642.0,238588.0,240076.0,241214.0,241560.0,241764.0,241750.0,242054.0,243079.0,243770.0,244098.0,244218.0,245100.0,246557.0,247940.0,248850.0,249659.0,250605.0,251814.0,252838.0,253730.0,254754.0,256654.0,258501.0,260391.0,261414.0,262682.0,264036.0,265504.0,266804.0,268139.0,270000.0,271859.0,273620.0,274565.0,275883.0,277342.0,278983.0,280442.0,281521.0,282918.0,283982.0,284993.0,285605.0,286568.0,287788.0,288848.0,289620.0,290269.0,291533.0,292747.0,293866.0,294214.0,294777.0,295379.0,296574.0,297765.0,299482.0,301733.0,304508.0,306778.0,307584.0,307848.0,308943.0,311866.0,315936.0,320497.0,325554.0,330967.0,335861.0,341403.0,346027.0,352275.0,358154.0,365644.0,372825.0,379962.0,385864.0
50,42,Rhode Island,State,RI,144812.0,145775.0,146656.0,148338.0,149779.0,150651.0,151468.0,152314.0,153479.0,154567.0,155608.0,156807.0,157954.0,159187.0,160567.0,162227.0,163842.0,165418.0,167090.0,169183.0,171433.0,173990.0,176074.0,178215.0,179812.0,181739.0,183619.0,185918.0,188499.0,191239.0,194275.0,197967.0,202400.0,206426.0,209650.0,212193.0,214733.0,217672.0,220899.0,224266.0,227844.0,231670.0,235836.0,239407.0,242619.0,245796.0,249096.0,252563.0,255429.0,258850.0,261991.0,265458.0,269101.0,273444.0,277821.0,281682.0,284787.0,288227.0,291315.0,294685.0,297834.0,300974.0,303671.0,307054.0,309883.0,312347.0,314068.0,316527.0,319286.0,321859.0,323538.0,324692.0,324896.0,325732.0,327063.0,329289.0,330094.0,330133.0,328931.0,327652.0,325595.0,323758.0,321596.0,320139.0,318295.0,317193.0,316257.0,315268.0,314397.0,312155.0,310821.0,309134.0,308152.0,306792.0,306100.0,305245.0,303871.0,301537.0,299360.0,297035.0,294242.0,291361.0,287940.0,284437.0,280787.0,277115.0,273556.0,269640.0,265842.0,262422.0,259021.0,256692.0,254502.0,252812.0,250993.0,249706.0,248981.0,248629.0,248861.0,248978.0,250261.0,251348.0,252562.0,252263.0,251631.0,251246.0,251128.0,250842.0,249523.0,247845.0,246215.0,245337.0,244490.0,244003.0,242899.0,241525.0,239456.0,237964.0,236216.0,234835.0,233236.0,231662.0,229561.0,227784.0,226770.0,225671.0,224819.0,224035.0,223514.0,223049.0,222788.0,222869.0,222865.0,222986.0,223748.0,224495.0,225046.0,225900.0,226902.0,228278.0,229820.0,231250.0,232163.0,233267.0,234496.0,235834.0,236634.0,236823.0,237784.0,238375.0,240133.0,241594.0,243188.0,243936.0,243549.0,242717.0,242067.0,241771.0,241970.0,242262.0,243100.0,243789.0,244291.0,244369.0,244428.0,245246.0,246293.0,247034.0,246913.0,246958.0,247448.0,248459.0,250216.0,252853.0,254622.0,256066.0,256847.0,257754.0,258509.0,259129.0,260999.0,262243.0,263506.0,263954.0,264494.0,265248.0,266491.0,269036.0,271718.0,274288.0,276033.0,276928.0,277512.0,278523.0,280844.0,283231.0,285358.0,286800.0,288781.0,290353.0,291831.0,292669.0,293803.0,295156.0,296416.0,297020.0,297336.0,297579.0,297756.0,297520.0,298306.0,299271.0,300386.0,300718.0,301723.0,302217.0,302780.0,303213.0,304790.0,306150.0,307211.0,307952.0,309600.0,311749.0,313799.0,314683.0,315573.0,318322.0,322648.0,327583.0,332258.0,337541.0,342781.0,347346.0,352367.0,357034.0,363902.0,370982.0,379486.0,386809.0,392334.0
35,43,Montana,State,MT,"","","","","","","","","","","","","","","","","","","","","","","","","","","","","","","","","","","","","","","","","","","","","","","","","","","","","","","","","","","","","",185152.0,185134.0,185959.0,186999.0,188345.0,189303.0,190870.0,192716.0,194746.0,195943.0,197111.0,197882.0,199359.0,200865.0,202758.0,204360.0,205976.0,207444.0,208962.0,210145.0,211391.0,212673.0,214107.0,215161.0,215885.0,216500.0,217445.0,218171.0,218831.0,219105.0,219695.0,220279.0,220966.0,221746.0,222603.0,223462.0,223974.0,223471.0,222926.0,222728.0,223206.0,223470.0,223122.0,222843.0,222538.0,222602.0,222465.0,222380.0,221912.0,221595.0,221064.0,220568.0,219701.0,218716.0,217566.0,216482.0,215873.0,215261.0,214672.0,213768.0,213078.0,212860.0,212776.0,213104.0,213008.0,212800.0,212336.0,212001.0,211537.0,210716.0,209651.0,208450.0,207110.0,206013.0,205453.0,205158.0,204982.0,204553.0,204537.0,204569.0,204784.0,204850.0,204902.0,205101.0,205201.0,205687.0,206113.0,206723.0,207177.0,207764.0,208634.0,209357.0,210188.0,211093.0,212042.0,212744.0,213201.0,213950.0,214865.0,215807.0,216806.0,217769.0,218804.0,219599.0,220426.0,221345.0,222163.0,223019.0,223817.0,224856.0,225806.0,226649.0,227552.0,228804.0,229843.0,230751.0,231088.0,231546.0,232101.0,232715.0,233705.0,234538.0,235739.0,236783.0,238038.0,238842.0,239555.0,239750.0,240271.0,240758.0,241578.0,241978.0,242295.0,242723.0,243506.0,244270.0,244657.0,245294.0,246183.0,247180.0,247933.0,248664.0,249733.0,250818.0,251899.0,252997.0,254327.0,255520.0,256740.0,257785.0,258552.0,259412.0,260324.0,261836.0,263165.0,264179.0,265174.0,266278.0,267954.0,269819.0,271749.0,273400.0,274186.0,274887.0,275521.0,276834.0,278177.0,279951.0,281680.0,283198.0,284508.0,285451.0,286649.0,287480.0,288870.0,289728.0,290591.0,291443.0,292877.0,294887.0,296400.0,297794.0,298958.0,300540.0,301716.0,303293.0,304861.0,307070.0,310196.0,314039.0,319170.0,323903.0,329568.0,334827.0,340998.0,348113.0,356437.0,365110.0,373941.0,384309.0
13,44,Delaware,State,DE,150883.0,151277.0,151684.0,152544.0,153431.0,154311.0,155149.0,155858.0,156500.0,157075.0,157936.0,158674.0,159581.0,160280.0,161160.0,161939.0,162770.0,163511.0,164185.0,164858.0,165596.0,166412.0,167277.0,168176.0,169114.0,170103.0,171199.0,172317.0,173395.0,174521.0,175639.0,176807.0,177843.0,178974.0,180094.0,181394.0,182756.0,184290.0,185905.0,187575.0,189306.0,190865.0,192428.0,193992.0,195822.0,197544.0,199049.0,200342.0,201759.0,203264.0,204846.0,206862.0,209262.0,212145.0,214956.0,217617.0,220061.0,222896.0,226521.0,231109.0,234298.0,236355.0,237994.0,240388.0,244072.0,246559.0,248830.0,250822.0,253777.0,257150.0,259583.0,261706.0,263732.0,266218.0,268780.0,271129.0,273216.0,274782.0,276336.0,277666.0,278775.0,280057.0,280252.0,280420.0,279447.0,279239.0,279168.0,279897.0,280743.0,281795.0,282131.0,282153.0,281655.0,281551.0,280856.0,279578.0,277508.0,275856.0,275314.0,275049.0,274282.0,272288.0,270111.0,267688.0,265744.0,263433.0,261772.0,260060.0,258758.0,257371.0,255737.0,254271.0,252448.0,250971.0,249735.0,249003.0,248261.0,247627.0,246935.0,246157.0,245733.0,245617.0,245616.0,245274.0,245038.0,244790.0,244327.0,243079.0,241682.0,239704.0,237888.0,236356.0,235023.0,233863.0,232342.0,230802.0,228974.0,227444.0,226375.0,225344.0,223882.0,222142.0,220896.0,219541.0,218613.0,217264.0,216973.0,216404.0,216676.0,216356.0,215890.0,214731.0,213677.0,212508.0,211733.0,211041.0,211158.0,211664.0,212497.0,213061.0,213252.0,213549.0,213808.0,214889.0,215949.0,217341.0,218187.0,218956.0,220260.0,221153.0,221853.0,222130.0,223252.0,224409.0,225136.0,225433.0,225714.0,225923.0,226167.0,226407.0,227114.0,228009.0,228693.0,229641.0,229857.0,230663.0,231036.0,231969.0,232393.0,232698.0,232866.0,233171.0,233701.0,234631.0,235362.0,236213.0,236695.0,237847.0,238990.0,240075.0,240641.0,241448.0,242260.0,243351.0,244322.0,245066.0,245151.0,244518.0,243712.0,243404.0,243305.0,243929.0,244711.0,245895.0,246830.0,247408.0,247833.0,249144.0,251058.0,253037.0,254058.0,254495.0,254892.0,255320.0,255834.0,256566.0,257882.0,259434.0,261095.0,261959.0,262515.0,262548.0,261975.0,261235.0,260574.0,260273.0,260269.0,260119.0,260226.0,260812.0,261437.0,262207.0,262430.0,263464.0,265163.0,267091.0,269010.0,270582.0,272999.0,275987.0,279518.0,282929.0,286033.0,288545.0,291296.0,295020.0,299812.0,305103.0,310060.0,315337.0,320460.0
52,45,South Dakota,State,SD,116518.0,116257.0,115892.0,115488.0,115415.0,115269.0,115142.0,114883.0,115246.0,115490.0,115417.0,115237.0,115379.0,115726.0,116381.0,116859.0,117605.0,117772.0,118034.0,117954.0,118015.0,118265.0,118534.0,118669.0,118792.0,119482.0,119894.0,120169.0,120224.0,120692.0,121137.0,121497.0,122041.0,122303.0,122469.0,122546.0,123200.0,124305.0,124838.0,125029.0,124646.0,124831.0,125186.0,125944.0,126934.0,128049.0,128703.0,128951.0,129038.0,129662.0,130393.0,130927.0,131601.0,132493.0,133708.0,134616.0,135422.0,136091.0,136770.0,137275.0,138000.0,138895.0,139758.0,140534.0,141214.0,142071.0,142819.0,143730.0,144748.0,145680.0,146191.0,146454.0,146906.0,147488.0,147942.0,148110.0,148498.0,149022.0,149710.0,150010.0,150380.0,150452.0,150829.0,151288.0,152140.0,152595.0,152774.0,152782.0,152939.0,153436.0,153764.0,154252.0,154567.0,155015.0,155520.0,156146.0,156871.0,157385.0,157648.0,157615.0,157570.0,157683.0,157802.0,158030.0,158208.0,158465.0,158743.0,158939.0,159245.0,159172.0,159018.0,158539.0,158120.0,157698.0,157192.0,156745.0,156274.0,155936.0,155631.0,155597.0,155754.0,155817.0,155955.0,156088.0,156398.0,156550.0,156613.0,156649.0,156543.0,156489.0,156418.0,156384.0,156299.0,156035.0,155844.0,155504.0,155326.0,155357.0,155436.0,155555.0,155465.0,155511.0,155621.0,155805.0,155966.0,156097.0,156075.0,156079.0,156191.0,156337.0,156605.0,156910.0,157359.0,157797.0,158153.0,158602.0,159177.0,159800.0,160418.0,160926.0,161489.0,162034.0,162627.0,163135.0,163605.0,163946.0,164326.0,164695.0,165083.0,165373.0,165850.0,166377.0,167079.0,167618.0,168135.0,168564.0,169047.0,169503.0,169954.0,170314.0,170883.0,171546.0,172355.0,173141.0,173885.0,174676.0,175447.0,176261.0,176707.0,177083.0,177402.0,178054.0,178749.0,179400.0,180341.0,181431.0,182624.0,183446.0,184197.0,184943.0,185860.0,186708.0,187609.0,188505.0,189395.0,190273.0,191093.0,191996.0,193077.0,194201.0,195279.0,196147.0,196919.0,197523.0,198136.0,198605.0,199079.0,199549.0,200249.0,201044.0,202169.0,203215.0,204336.0,205253.0,206262.0,207333.0,208313.0,209270.0,210063.0,210798.0,211454.0,212148.0,212894.0,213575.0,214196.0,214733.0,215264.0,215818.0,216300.0,216996.0,217658.0,218675.0,219519.0,220494.0,220683.0,221011.0,221420.0,222381.0,223452.0,224833.0,226633.0,228450.0,230081.0,232414.0,235119.0,238262.0,240762.0,243465.0,246149.0,248768.0,254139.0
3,46,Alaska,State,AK,133159.0,133348.0,133501.0,133629.0,133878.0,133976.0,134371.0,134366.0,134557.0,134461.0,134767.0,135173.0,138593.0,143172.0,148649.0,151793.0,154432.0,156581.0,158676.0,159914.0,160834.0,161442.0,162418.0,163416.0,164175.0,164920.0,165631.0,166649.0,167309.0,167735.0,168102.0,168527.0,169132.0,169567.0,170186.0,170736.0,171161.0,171547.0,171897.0,172442.0,173344.0,174509.0,176436.0,177797.0,179522.0,180989.0,182388.0,183495.0,183477.0,184375.0,184932.0,186344.0,187516.0,188917.0,190301.0,191486.0,193230.0,194931.0,196716.0,198241.0,199679.0,200953.0,201986.0,203185.0,204901.0,206133.0,207644.0,209081.0,211151.0,213227.0,215166.0,217258.0,219074.0,220028.0,220525.0,221114.0,222578.0,223990.0,225546.0,227358.0,229378.0,231157.0,232400.0,233801.0,234984.0,235834.0,236231.0,236822.0,237718.0,238461.0,239207.0,239883.0,240823.0,241739.0,242436.0,243023.0,243550.0,243514.0,243733.0,243495.0,243667.0,243481.0,243441.0,243665.0,243651.0,243867.0,243801.0,243664.0,243429.0,243875.0,244455.0,244708.0,244156.0,243641.0,243116.0,242676.0,242226.0,241781.0,241848.0,242226.0,243077.0,243130.0,243340.0,243489.0,244189.0,244390.0,244566.0,244777.0,244746.0,244421.0,243697.0,243403.0,243063.0,242621.0,241791.0,240831.0,240288.0,240245.0,240373.0,240484.0,240320.0,240254.0,240193.0,240401.0,241236.0,241987.0,243149.0,243909.0,244832.0,244972.0,245002.0,244862.0,245038.0,245290.0,245741.0,245554.0,246025.0,246409.0,247520.0,248175.0,248936.0,250277.0,251572.0,252930.0,253716.0,254110.0,254794.0,255560.0,256139.0,256756.0,257341.0,257853.0,257833.0,257490.0,257817.0,258546.0,259366.0,260187.0,260714.0,261897.0,262791.0,263469.0,263662.0,264737.0,266577.0,268330.0,268984.0,268719.0,268387.0,268351.0,269043.0,270171.0,271435.0,272550.0,272768.0,272438.0,271864.0,271381.0,271313.0,270889.0,271140.0,271382.0,271894.0,272011.0,271907.0,271664.0,271317.0,271369.0,271721.0,272427.0,272945.0,273201.0,273859.0,274521.0,274886.0,274597.0,273897.0,273462.0,273199.0,273253.0,273812.0,274451.0,275261.0,275604.0,275574.0,275617.0,275904.0,276322.0,276748.0,279102.0,282141.0,286856.0,288423.0,289677.0,289462.0,291073.0,297876.0,299914.0,301796.0,298305.0,299277.0,297520.0,295714.0,293045.0,293073.0,292853.0,293223.0,293878.0,293777.0,295059.0,295972.0,299374.0,300961.0,301178.0,300497.0,301027.0,302281.0,303379.0,304164.0,305952.0,307955.0
37,47,North Dakota,State,ND,"","","","","","","","","","","","","","","","","","","","","","","","","","","","","","","","","","","","","","","","","","","","","","","","","","","","","","","","","","","","","","","","","","","","","","","","","","","","","","","","","","","","","","","","","","","","","","","","","","","","","","","","","","","","",168122.0,168291.0,168284.0,168085.0,167633.0,167126.0,166811.0,167132.0,167627.0,167983.0,167710.0,167484.0,167481.0,167476.0,167214.0,166910.0,166922.0,167211.0,167874.0,168535.0,169376.0,169813.0,170103.0,170190.0,170210.0,170310.0,170627.0,171085.0,171013.0,170415.0,169845.0,169772.0,169881.0,170129.0,170289.0,170414.0,170653.0,171178.0,171991.0,172835.0,173883.0,175366.0,176731.0,177966.0,178965.0,180479.0,182102.0,183864.0,185454.0,187271.0,188927.0,190393.0,191675.0,193133.0,194443.0,195769.0,197120.0,198678.0,200058.0,201269.0,202132.0,203113.0,203781.0,204795.0,205910.0,207379.0,208532.0,209988.0,211186.0,213416.0,214358.0,215348.0,215500.0,216581.0,217875.0,219542.0,221504.0,223299.0,224521.0,224872.0,224937.0,225138.0,225894.0,226714.0,227445.0,227970.0,228511.0,228863.0,228958.0,229041.0,229321.0,229310.0,229328.0,229404.0,229900.0,230505.0,230627.0,230651.0,230317.0,229975.0,230161.0,230662.0,231425.0,231336.0,231286.0,231122.0,231509.0,231709.0,232129.0,232077.0,232366.0,232292.0,232395.0,231980.0,231807.0,231670.0,231548.0,231245.0,231032.0,231262.0,231886.0,232538.0,232657.0,232793.0,232927.0,233442.0,233964.0,234515.0,235157.0,235556.0,235687.0,235896.0,236196.0,236739.0,237035.0,237558.0,237698.0,237818.0,237715.0,237620.0,237759.0,238365.0,239556.0,241007.0,242389.0,244157.0,245757.0,247202.0,248305.0,249638.0,251189.0,252894.0,255418.0
58,48,Vermont,State,VT,129041.0,129416.0,129894.0,130756.0,131598.0,132279.0,132930.0,133594.0,134347.0,135323.0,136280.0,137246.0,138071.0,139154.0,140286.0,141404.0,142339.0,143195.0,144071.0,144813.0,145589.0,146472.0,147604.0,148746.0,149957.0,151183.0,152492.0,153720.0,154797.0,155838.0,156704.0,157493.0,158138.0,158905.0,159753.0,160705.0,161646.0,162714.0,163792.0,164787.0,165817.0,166887.0,168028.0,169844.0,171936.0,174277.0,175402.0,176404.0,177309.0,179051.0,180765.0,182626.0,185039.0,187501.0,189647.0,190827.0,192035.0,193684.0,195551.0,197559.0,199389.0,201300.0,203201.0,205701.0,207803.0,209666.0,211287.0,213317.0,215715.0,218019.0,219876.0,221537.0,222873.0,224312.0,226076.0,227541.0,229159.0,230431.0,231748.0,233074.0,234246.0,235484.0,236744.0,237885.0,239063.0,240061.0,240489.0,240673.0,240901.0,241366.0,241526.0,241395.0,241606.0,242169.0,242897.0,243517.0,244853.0,244831.0,244712.0,243512.0,242981.0,242319.0,241481.0,241171.0,240691.0,240177.0,239579.0,239078.0,238908.0,238715.0,238401.0,237919.0,237734.0,237321.0,236513.0,235290.0,234273.0,233635.0,233086.0,232695.0,232355.0,232171.0,232303.0,232399.0,232524.0,232511.0,232884.0,233254.0,233361.0,233527.0,233661.0,233937.0,233702.0,233465.0,233109.0,233079.0,232721.0,232520.0,232263.0,232020.0,231729.0,231565.0,231900.0,232111.0,232181.0,232080.0,231874.0,231804.0,231638.0,231662.0,231733.0,231846.0,231826.0,231539.0,231248.0,231254.0,231553.0,231940.0,232268.0,232345.0,232256.0,232102.0,231981.0,231871.0,231599.0,231321.0,231211.0,231236.0,231310.0,231399.0,231400.0,231586.0,231706.0,232048.0,232293.0,232482.0,232435.0,232440.0,232464.0,232632.0,232775.0,233189.0,233742.0,234242.0,234466.0,234538.0,234537.0,234518.0,234208.0,233999.0,233819.0,233619.0,233429.0,233667.0,234427.0,235236.0,235704.0,236066.0,236540.0,236930.0,237270.0,237525.0,237874.0,238357.0,238753.0,239051.0,239467.0,240000.0,240976.0,242037.0,243035.0,244316.0,245704.0,247228.0,248357.0,249436.0,250416.0,251078.0,251477.0,252082.0,253071.0,253386.0,254112.0,254450.0,255466.0,255693.0,255899.0,256111.0,256677.0,257532.0,258496.0,259310.0,260460.0,261807.0,263119.0,264209.0,265086.0,265354.0,265442.0,265609.0,266286.0,266239.0,266564.0,266869.0,268693.0,270262.0,272099.0,272781.0,272931.0,273993.0,276484.0,279719.0,282269.0,284641.0,287404.0,291125.0,295691.0,299398.0,303622.0,308069.0,314562.0
12,49,District of Columbia,State,DC,195249.0,196263.0,197207.0,199346.0,201345.0,203625.0,205672.0,207365.0,208587.0,208536.0,208947.0,209484.0,210755.0,211913.0,213387.0,215659.0,217913.0,220089.0,222337.0,224960.0,227779.0,230574.0,233202.0,235947.0,238525.0,241241.0,243449.0,246214.0,249174.0,252641.0,255871.0,258912.0,262277.0,265962.0,270584.0,275173.0,279078.0,282451.0,285421.0,289012.0,292648.0,296555.0,300347.0,303940.0,307539.0,311813.0,315252.0,318401.0,321767.0,325508.0,329869.0,333818.0,338772.0,344167.0,350733.0,356485.0,363668.0,372377.0,380818.0,386231.0,387897.0,392647.0,399150.0,407672.0,413501.0,419337.0,426140.0,434019.0,441013.0,445892.0,450507.0,454954.0,459603.0,463257.0,467173.0,470414.0,472911.0,473629.0,472634.0,471746.0,470736.0,469065.0,466527.0,464530.0,464283.0,466085.0,467608.0,468635.0,468834.0,468717.0,468623.0,468410.0,468391.0,469106.0,469275.0,468653.0,467666.0,466450.0,464951.0,462759.0,460740.0,458823.0,455500.0,451227.0,447939.0,446600.0,445084.0,442688.0,442383.0,442819.0,442512.0,439322.0,435379.0,433178.0,430259.0,427980.0,424919.0,421850.0,421353.0,423524.0,426035.0,426097.0,425173.0,427020.0,431825.0,436056.0,437539.0,437760.0,435804.0,434113.0,431005.0,430755.0,429327.0,429186.0,428129.0,428234.0,427968.0,427802.0,428193.0,427415.0,427172.0,426037.0,425672.0,424396.0,424875.0,424325.0,426118.0,425895.0,427268.0,429681.0,434618.0,439990.0,444995.0,450538.0,456235.0,462360.0,463493.0,463017.0,462259.0,467491.0,475561.0,482143.0,487576.0,491786.0,496179.0,500549.0,505115.0,509593.0,514381.0,519806.0,526160.0,531063.0,533672.0,534688.0,537180.0,538894.0,539639.0,539074.0,540524.0,541916.0,539422.0,537049.0,534579.0,535530.0,535563.0,536193.0,537802.0,539814.0,543426.0,547698.0,550973.0,553262.0,553786.0,555774.0,557190.0,559853.0,561906.0,563798.0,565352.0,566813.0,568641.0,569650.0,573497.0,577493.0,583257.0,588377.0,591527.0,591724.0,589532.0,588379.0,589082.0,589559.0,591901.0,595302.0,598271.0,600754.0,601976.0,606890.0,606580.0,607287.0,606587.0,610603.0,613646.0,615809.0,618676.0,621799.0,625636.0,627568.0,630729.0,631554.0,635934.0,638733.0,641633.0,641823.0,639626.0,639956.0,640556.0,642118.0,642315.0,643186.0,648228.0,652507.0,655416.0,657658.0,653747.0,651576.0,647858.0,651153.0,655640.0,659674.0,665322.0,667276.0,670404.0,671860.0,677404.0,682102.0,689198.0,694239.0,697659.0,698258.0,698219.0
62,50,Wyoming,State,WY,"","","","","","","","","","","","","","","","","","","","","","","","","","","",146692.0,144647.0,143995.0,142887.0,143281.0,144108.0,144685.0,145205.0,145447.0,145972.0,146533.0,146953.0,147492.0,148280.0,149286.0,150053.0,150765.0,151370.0,152112.0,152810.0,153379.0,153894.0,154492.0,155310.0,156369.0,157545.0,158907.0,160191.0,161703.0,163090.0,164334.0,165424.0,166746.0,168068.0,169056.0,169812.0,170339.0,171306.0,172289.0,173652.0,174739.0,175968.0,177295.0,178571.0,179848.0,181022.0,182363.0,183670.0,185161.0,186935.0,188776.0,190641.0,191978.0,193278.0,194752.0,196405.0,197822.0,198894.0,199738.0,200793.0,202036.0,203325.0,204719.0,205524.0,206242.0,206720.0,207397.0,207917.0,208296.0,208519.0,208767.0,208984.0,208974.0,208613.0,208070.0,207699.0,207540.0,207316.0,206959.0,206746.0,206687.0,206749.0,206620.0,206128.0,205457.0,204949.0,204592.0,204203.0,203565.0,202892.0,202234.0,201506.0,201078.0,200841.0,200925.0,200986.0,201156.0,201470.0,201699.0,201544.0,201211.0,200824.0,200657.0,200287.0,200014.0,199877.0,199938.0,200023.0,199955.0,199606.0,198856.0,198362.0,198238.0,198473.0,198373.0,198465.0,198640.0,199415.0,200077.0,200680.0,201073.0,201727.0,202482.0,203036.0,203262.0,203579.0,204394.0,205289.0,206379.0,207036.0,207720.0,208250.0,208785.0,209312.0,209525.0,209755.0,210022.0,210452.0,210940.0,211492.0,212076.0,212768.0,213450.0,214224.0,214920.0,215673.0,216411.0,217244.0,217934.0,218706.0,219279.0,220050.0,220828.0,221649.0,222374.0,222943.0,223500.0,224046.0,224661.0,225407.0,226249.0,226850.0,227360.0,227769.0,228370.0,228795.0,229236.0,229598.0,229918.0,230139.0,230277.0,230414.0,230293.0,230099.0,229942.0,230079.0,230090.0,230044.0,229950.0,230000.0,230218.0,230270.0,230454.0,230699.0,231339.0,232197.0,233103.0,233936.0,234761.0,235535.0,236392.0,237168.0,238049.0,238705.0,239343.0,239982.0,240597.0,241289.0,241793.0,242389.0,242913.0,243679.0,244507.0,245932.0,247463.0,249217.0,250606.0,252094.0,253465.0,254861.0,256000.0,256638.0,257388.0,258199.0,259086.0,259878.0,260550.0,261009.0,261310.0,261654.0,262430.0,263228.0,264065.0,265368.0,266587.0,267775.0,268990.0,270282.0,271661.0,272971.0,274792.0,276789.0,279137.0,283656.0
